0.000	0.000	0.000	
0.000	0.000	0.000	
0.000	0.000	0.000	
0.000	0.000	0.000	
0.000	0.000	0.000	
0.169	0.169	0.507	
0.796	0.796	0.095	
0.000	0.000	0.000	
0.000	0.000	0.000	
0.571	0.617	0.247	
0.000	0.398	0.398	
0.000	0.000	0.000	
0.000	0.000	0.000	
0.000	0.000	0.000	
0.531	0.433	0.076	
0.000	0.000	0.000	
0.000	0.000	0.000	
0.000	0.000	0.000	
0.905	0.529	0.905	
0.340	0.453	0.240	
0.000	0.000	0.000	
0.816	0.333	0.333	
0.000	0.000	0.000	
0.000	0.000	0.000	
0.000	0.000	0.000	
0.000	0.000	0.000	
0.000	0.000	0.000	
0.513	0.528	0.804	
0.000	0.000	0.000	
0.000	0.000	0.000	
0.000	0.000	0.000	
0.000	0.000	0.000	
0.258	0.258	0.000	
0.140	0.000	0.952	
0.468	0.412	0.516	
0.000	0.000	0.445	
0.440	0.151	0.440	
0.726	0.301	0.726	
0.539	0.225	0.539	
0.435	0.667	0.804	
0.000	0.000	0.000	
0.122	0.000	0.417	
0.000	0.000	0.000	
0.324	0.054	0.576	
0.392	0.000	0.392	
0.470	0.196	0.470	
0.000	0.000	0.000	
0.000	0.000	0.000	
0.000	0.000	0.000	
0.000	0.000	0.000	
0.000	0.000	0.000	
0.000	0.000	0.000	
0.912	0.298	0.231	
0.000	0.000	0.000	
0.000	0.354	0.354	
0.000	0.000	0.000	
0.000	0.000	0.000	
0.910	0.064	0.631	
0.000	0.000	0.000	
0.000	0.000	0.000	
0.000	0.000	0.000	
0.000	0.000	0.000	
0.000	0.000	0.000	
0.000	0.000	0.000	
0.000	0.000	0.000	
0.616	0.853	0.358	
0.000	0.000	0.000	
0.785	0.272	0.277	
0.000	0.000	0.000	
0.848	0.861	0.102	
0.000	0.000	0.000	
0.000	0.000	0.000	
0.000	0.000	0.000	
0.000	0.000	0.000	
0.000	0.000	0.000	
0.000	0.000	0.000	
0.000	0.000	0.000	
0.000	0.000	0.000	
0.000	0.000	0.000	
0.000	0.000	0.000	
0.000	0.000	0.000	
0.000	0.000	0.000	
0.000	0.000	0.000	
0.000	0.000	0.000	
0.000	0.000	0.000	
0.000	0.000	0.000	
0.000	0.000	0.000	
0.000	0.000	0.000	
0.000	0.000	0.000	
0.000	0.000	0.000	
0.000	0.000	0.000	
0.000	0.000	0.000	
0.000	0.000	0.000	
0.000	0.000	0.000	
0.000	0.000	0.000	
0.000	0.000	0.000	
0.000	0.000	0.000	
0.459	0.459	0.726	
0.000	0.000	0.000	
0.000	0.000	0.000	
0.000	0.000	0.000	
0.136	0.039	0.476	
0.124	0.433	0.581	
0.000	0.000	0.240	
0.000	0.000	0.000	
0.757	0.082	0.851	
0.000	0.000	0.000	
0.927	0.635	0.927	
0.081	0.243	0.930	
0.000	0.000	0.000	
0.000	0.000	0.000	
0.000	0.000	0.000	
0.766	0.766	0.081	
0.000	0.000	0.000	
0.000	0.000	0.000	
0.000	0.000	0.000	
0.000	0.000	0.000	
0.000	0.000	0.184	
0.718	0.132	0.671	
0.000	0.000	0.000	
0.000	0.000	0.000	
0.000	0.000	0.000	
0.000	0.000	0.000	
0.580	0.329	0.526	
0.860	0.366	0.812	
0.588	0.392	0.588	
0.000	0.000	0.000	
0.475	0.616	0.419	
0.000	0.000	0.000	
0.000	0.000	0.000	
0.609	0.000	0.733	
0.056	0.000	0.826	
0.760	0.000	0.768	
0.691	0.000	0.698	
0.850	0.009	0.850	
0.722	0.526	0.718	
0.443	0.044	0.488	
0.000	0.000	0.000	
0.000	0.000	0.000	
0.000	0.000	0.000	
0.000	0.000	0.000	
0.839	0.839	0.676	
0.000	0.000	0.000	
0.000	0.000	0.000	
0.904	0.904	0.019	
0.593	0.413	0.463	
0.000	0.000	0.000	
0.272	0.348	0.414	
0.457	0.453	0.463	
0.000	0.000	0.000	
0.000	0.000	0.000	
0.884	0.347	0.186	
0.216	0.789	0.660	
0.765	0.277	0.663	
0.000	0.000	0.000	
0.000	0.000	0.000	
0.000	0.000	0.000	
0.807	0.372	0.601	
0.622	0.622	0.120	
0.129	0.122	0.183	
0.000	0.000	0.000	
0.000	0.000	0.000	
0.000	0.000	0.000	
0.000	0.000	0.000	
0.828	0.344	0.298	
0.999	0.865	0.999	
0.000	0.000	0.000	
0.000	0.000	0.000	
0.000	0.000	0.000	
0.000	0.000	0.000	
0.000	0.000	0.000	
0.000	0.000	0.000	
0.000	0.000	0.000	
0.649	0.047	0.645	
0.447	0.818	0.615	
0.000	0.000	0.000	
0.499	0.576	0.689	
0.000	0.000	0.000	
0.000	0.000	0.000	
0.000	0.000	0.000	
0.000	0.000	0.000	
0.000	0.000	0.000	
0.000	0.000	0.000	
0.000	0.493	0.328	
0.000	0.000	0.000	
0.504	0.609	0.115	
0.000	0.000	0.000	
0.661	0.661	0.284	
0.541	0.442	0.551	
0.000	0.000	0.000	
0.000	0.000	0.000	
0.000	0.000	0.000	
0.666	0.000	0.666	
0.000	0.000	0.000	
0.830	0.621	0.280	
0.682	0.427	0.736	
0.353	0.353	0.589	
0.944	0.671	0.692	
0.000	0.000	0.000	
0.000	0.000	0.000	
0.000	0.000	0.000	
0.000	0.000	0.000	
0.000	0.000	0.000	
0.727	0.732	0.704	
0.115	0.745	0.745	
0.735	0.000	0.387	
0.983	0.556	0.905	
0.000	0.000	0.000	
0.260	0.300	0.858	
0.547	0.000	0.696	
0.000	0.000	0.000	
0.000	0.000	0.000	
0.000	0.000	0.000	
0.000	0.000	0.000	
0.000	0.000	0.000	
0.795	0.250	0.000	
0.894	0.774	0.788	
0.871	0.359	0.871	
0.000	0.000	0.000	
0.000	0.717	0.237	
0.000	0.000	0.000	
0.058	0.554	0.286	
0.349	0.645	0.671	
0.000	0.000	0.000	
0.000	0.000	0.000	
0.000	0.000	0.000	
0.246	0.817	0.817	
0.000	0.000	0.000	
0.000	0.000	0.000	
0.662	0.516	0.662	
0.165	0.571	0.505	
0.696	0.629	0.575	
0.258	0.258	0.000	
0.000	0.000	0.000	
0.977	0.290	0.755	
0.000	0.000	0.000	
0.157	0.078	0.608	
0.621	0.650	0.525	
0.950	0.618	0.928	
0.000	0.000	0.000	
0.000	0.000	0.000	
0.424	0.000	0.283	
0.492	0.000	0.402	
0.000	0.000	0.000	
0.000	0.000	0.000	
0.000	0.900	0.636	
0.000	0.000	0.000	
0.000	0.000	0.000	
0.000	0.000	0.000	
0.000	0.000	0.000	
0.000	0.000	0.000	
0.144	0.250	0.000	
0.000	0.000	0.000	
0.773	0.446	0.137	
0.301	0.390	0.126	
0.000	0.188	0.133	
0.474	0.415	0.706	
0.507	0.598	0.085	
0.903	0.112	0.417	
0.000	0.000	0.000	
0.674	0.199	0.825	
0.158	0.424	0.849	
0.516	0.516	0.183	
0.000	0.000	0.000	
0.874	0.542	0.000	
0.000	0.000	0.000	
0.078	0.448	0.082	
0.000	0.000	0.000	
0.095	0.607	0.944	
0.246	0.634	0.197	
0.000	0.000	0.000	
0.000	0.000	0.000	
0.000	0.000	0.000	
0.516	0.516	0.183	
0.000	0.000	0.000	
0.000	0.000	0.000	
0.000	0.000	0.000	
0.000	0.000	0.000	
0.000	0.000	0.000	
0.000	0.000	0.000	
0.000	0.000	0.000	
0.954	0.000	0.748	
0.000	0.000	0.000	
0.074	0.181	0.295	
0.509	0.644	0.260	
0.630	0.236	0.223	
0.342	0.209	0.239	
0.447	0.182	0.500	
0.135	0.135	0.261	
0.623	0.267	0.089	
0.000	0.000	0.000	
0.000	0.000	0.000	
0.840	0.099	0.029	
0.041	0.000	0.407	
0.729	0.298	0.275	
0.000	0.000	0.183	
0.000	0.000	0.000	
0.293	0.879	0.862	
0.000	0.000	0.000	
0.000	0.000	0.000	
0.000	0.000	0.000	
0.858	0.126	0.348	
0.000	0.000	0.000	
0.000	0.000	0.000	
0.042	0.237	0.262	
0.586	0.586	0.445	
0.750	0.750	0.563	
0.000	0.000	0.275	
0.000	0.000	0.000	
0.000	0.000	0.000	
0.000	0.000	0.000	
0.331	0.467	0.528	
0.225	0.449	0.225	
0.000	0.000	0.000	
0.000	0.000	0.000	
0.800	0.800	0.078	
0.000	0.000	0.000	
0.000	0.000	0.000	
0.000	0.315	0.182	
0.365	0.365	0.000	
0.000	0.000	0.000	
0.000	0.000	0.000	
0.554	0.370	0.490	
0.117	0.371	0.909	
0.000	0.000	0.000	
0.000	0.000	0.000	
0.383	0.130	0.351	
0.000	0.000	0.000	
0.000	0.000	0.000	
0.000	0.000	0.000	
0.000	0.000	0.000	
0.601	0.783	0.783	
0.000	0.000	0.000	
0.000	0.000	0.000	
0.846	0.602	0.602	
0.000	0.000	0.000	
0.599	0.751	0.425	
0.000	0.000	0.000	
0.000	0.000	0.000	
0.573	0.573	0.394	
0.000	0.000	0.000	
0.721	0.255	0.721	
0.000	0.000	0.000	
0.771	0.360	0.801	
0.713	0.911	0.472	
0.460	0.213	0.539	
0.000	0.000	0.000	
0.516	0.516	0.435	
0.000	0.000	0.000	
0.000	0.000	0.000	
0.000	0.000	0.000	
0.326	0.034	0.378	
0.696	0.696	0.488	
0.000	0.000	0.000	
0.000	0.000	0.000	
0.304	0.744	0.166	
0.000	0.234	0.936	
0.000	0.000	0.000	
0.000	0.000	0.000	
0.000	0.000	0.000	
0.914	0.071	0.000	
0.363	0.408	0.513	
0.000	0.000	0.000	
0.284	0.401	0.803	
0.263	0.451	0.735	
0.000	0.000	0.000	
0.000	0.000	0.000	
0.000	0.000	0.000	
0.000	0.000	0.000	
0.000	0.000	0.000	
0.000	0.000	0.000	
0.000	0.000	0.000	
0.305	0.603	0.603	
0.200	0.102	0.544	
0.000	0.000	0.000	
0.356	0.046	0.356	
0.602	0.602	0.493	
0.866	0.265	0.811	
0.000	0.000	0.000	
0.000	0.000	0.000	
0.572	0.039	0.286	
0.000	0.000	0.000	
0.862	0.305	0.862	
0.149	0.319	0.074	
0.000	0.000	0.000	
0.448	0.448	0.256	
0.000	0.000	0.000	
0.000	0.000	0.000	
0.000	0.000	0.000	
0.620	0.620	0.263	
0.000	0.000	0.000	
0.000	0.000	0.000	
0.000	0.000	0.000	
0.000	0.000	0.000	
0.000	0.000	0.000	
0.000	0.000	0.000	
0.000	0.000	0.000	
0.896	0.896	0.818	
0.638	0.529	0.556	
0.935	0.745	0.924	
0.000	0.000	0.000	
0.053	0.046	0.902	
0.000	0.000	0.000	
0.000	0.000	0.000	
0.000	0.000	0.000	
0.000	0.000	0.000	
0.662	0.648	0.986	
0.000	0.000	0.000	
0.000	0.000	0.000	
0.844	0.196	0.783	
0.000	0.000	0.000	
0.666	0.666	0.516	
0.000	0.000	0.000	
0.000	0.000	0.000	
0.000	0.000	0.000	
0.000	0.000	0.000	
0.000	0.000	0.000	
0.643	0.326	0.502	
0.000	0.000	0.000	
0.000	0.000	0.000	
0.000	0.000	0.000	
0.000	0.000	0.000	
0.000	0.000	0.000	
0.000	0.000	0.000	
0.309	0.309	0.545	
0.376	0.041	0.429	
0.908	0.908	0.648	
0.952	0.440	0.952	
0.925	0.573	0.925	
0.909	0.530	0.909	
0.851	0.464	0.927	
0.831	0.147	0.662	
0.146	0.912	0.621	
0.000	0.000	0.000	
0.000	0.000	0.000	
0.997	0.997	0.705	
0.000	0.000	0.000	
0.000	0.000	0.000	
0.000	0.000	0.000	
0.941	0.151	0.941	
0.000	0.000	0.000	
0.750	0.750	0.102	
0.090	0.068	0.068	
0.774	0.384	0.632	
0.263	0.154	0.240	
0.371	0.453	0.432	
0.000	0.000	0.000	
0.749	0.292	0.440	
0.000	0.000	0.000	
0.000	0.000	0.000	
0.000	0.000	0.000	
0.000	0.000	0.000	
0.304	0.304	0.338	
0.581	0.087	0.206	
0.000	0.000	0.000	
0.000	0.000	0.000	
0.803	0.162	0.754	
0.000	0.000	0.000	
0.000	0.000	0.000	
0.156	0.156	0.812	
0.669	0.053	0.315	
0.000	0.000	0.000	
0.000	0.000	0.000	
0.514	0.567	0.765	
0.868	0.868	0.145	
0.650	0.000	0.507	
0.521	0.451	0.260	
0.000	0.000	0.000	
0.000	0.000	0.000	
0.000	0.000	0.187	
0.000	0.000	0.000	
0.000	0.445	0.950	
0.000	0.000	0.000	
0.522	0.000	0.522	
0.000	0.000	0.000	
0.000	0.000	0.000	
0.126	0.240	0.201	
0.879	0.020	0.879	
0.000	0.000	0.000	
0.000	0.000	0.000	
0.000	0.604	0.604	
0.000	0.000	0.000	
0.000	0.000	0.000	
0.000	0.000	0.000	
0.166	0.419	0.166	
0.000	0.000	0.000	
0.439	0.314	0.208	
0.113	0.325	0.394	
0.070	0.175	0.779	
0.200	0.200	0.067	
0.104	0.932	0.659	
0.303	0.206	0.279	
0.071	0.038	0.141	
0.781	0.119	0.667	
0.525	0.581	0.093	
0.318	0.318	0.184	
0.000	0.000	0.000	
0.241	0.241	0.209	
0.000	0.000	0.000	
0.000	0.000	0.198	
0.000	0.000	0.000	
0.000	0.000	0.000	
0.000	0.000	0.000	
0.232	0.755	0.425	
0.000	0.000	0.000	
0.000	0.000	0.000	
0.000	0.000	0.000	
0.786	0.321	0.786	
0.000	0.000	0.000	
0.000	0.000	0.000	
0.000	0.000	0.000	
0.756	0.000	0.000	
0.000	0.000	0.000	
0.000	0.000	0.000	
0.000	0.000	0.000	
0.000	0.000	0.000	
0.000	0.000	0.000	
0.346	0.346	0.432	
0.000	0.000	0.000	
0.000	0.000	0.000	
0.000	0.000	0.000	
0.000	0.000	0.000	
0.000	0.000	0.000	
0.000	0.000	0.000	
0.000	0.000	0.000	
0.000	0.000	0.000	
0.000	0.000	0.000	
0.929	0.014	0.036	
0.837	0.412	0.625	
0.281	0.000	0.907	
0.293	0.000	0.141	
0.807	0.000	0.026	
0.194	0.723	0.535	
0.000	0.000	0.000	
0.920	0.071	0.000	
0.000	0.000	0.000	
0.000	0.000	0.000	
0.000	0.000	0.000	
0.000	0.000	0.000	
0.000	0.000	0.000	
0.842	0.115	0.000	
0.000	0.000	0.000	
0.000	0.000	0.000	
0.513	0.342	0.342	
0.000	0.000	0.000	
0.000	0.000	0.000	
0.000	0.000	0.000	
0.000	0.000	0.000	
0.000	0.000	0.000	
0.507	0.598	0.085	
0.000	0.000	0.000	
0.662	0.662	0.314	
0.449	0.424	0.449	
0.127	0.127	0.658	
0.797	0.601	0.797	
0.000	0.000	0.000	
0.000	0.000	0.000	
0.000	0.507	0.000	
0.000	0.000	0.000	
0.000	0.000	0.000	
0.412	0.412	0.618	
0.000	0.000	0.000	
0.000	0.000	0.000	
0.000	0.000	0.000	
0.000	0.527	0.527	
0.017	0.010	0.711	
0.151	0.011	0.840	
0.717	0.595	0.567	
0.293	0.721	0.434	
0.000	0.000	0.000	
0.344	0.722	0.344	
0.740	0.285	0.688	
0.751	0.528	0.476	
0.730	0.541	0.593	
0.763	0.015	0.763	
0.000	0.000	0.000	
0.954	0.497	0.822	
0.746	0.746	0.079	
0.295	0.295	0.709	
0.792	0.792	0.289	
0.000	0.000	0.000	
0.280	0.280	0.112	
0.531	0.433	0.076	
0.573	0.702	0.593	
0.000	0.000	0.000	
0.932	0.932	0.552	
0.332	0.332	0.100	
0.743	0.204	0.638	
0.426	0.271	0.789	
0.797	0.331	0.591	
0.905	0.698	0.873	
0.000	0.000	0.000	
0.743	0.000	0.743	
0.590	0.354	0.495	
0.000	0.000	0.000	
0.000	0.000	0.000	
0.000	0.000	0.000	
0.000	0.000	0.000	
0.530	0.100	0.075	
0.000	0.000	0.000	
0.000	0.000	0.000	
0.552	0.833	0.833	
0.598	0.582	0.475	
0.214	0.427	0.315	
0.000	0.000	0.000	
0.000	0.000	0.000	
0.020	0.785	0.860	
0.067	0.067	0.962	
0.000	0.000	0.000	
0.772	0.766	0.772	
0.561	0.515	0.285	
0.000	0.000	0.000	
0.000	0.000	0.000	
0.000	0.000	0.000	
0.725	0.158	0.515	
0.000	0.000	0.000	
0.000	0.000	0.000	
0.000	0.000	0.000	
0.000	0.000	0.000	
0.000	0.000	0.000	
0.000	0.000	0.000	
0.000	0.000	0.000	
0.000	0.000	0.000	
0.712	0.658	0.781	
0.000	0.000	0.000	
0.161	0.659	0.761	
0.000	0.000	0.000	
0.000	0.000	0.000	
0.000	0.000	0.000	
0.000	0.000	0.000	
0.420	0.809	0.095	
0.000	0.000	0.000	
0.000	0.000	0.000	
0.000	0.067	0.000	
0.410	0.410	0.205	
0.000	0.000	0.000	
0.961	0.961	0.854	
0.951	0.229	0.705	
0.942	0.942	0.769	
0.400	0.200	0.224	
0.146	0.206	0.292	
0.000	0.000	0.000	
0.000	0.000	0.000	
0.000	0.000	0.000	
0.660	0.865	0.889	
0.000	0.000	0.000	
0.000	0.000	0.000	
0.666	0.687	0.347	
0.450	0.450	0.562	
0.488	0.488	0.000	
0.480	0.480	0.313	
0.000	0.000	0.000	
0.633	0.141	0.141	
0.369	0.406	0.600	
0.000	0.000	0.000	
0.490	0.638	0.513	
0.604	0.329	0.509	
0.577	0.359	0.493	
0.000	0.000	0.000	
0.200	0.000	0.239	
0.507	0.598	0.085	
0.961	0.961	0.608	
0.000	0.000	0.000	
0.000	0.000	0.000	
0.000	0.000	0.000	
0.000	0.000	0.000	
0.664	0.371	0.664	
0.000	0.000	0.000	
0.000	0.000	0.000	
0.068	0.497	0.351	
0.090	0.632	0.489	
0.000	0.000	0.000	
0.000	0.000	0.000	
0.707	0.574	0.774	
0.000	0.000	0.000	
0.633	0.633	0.610	
0.000	0.000	0.000	
0.000	0.000	0.000	
0.893	0.632	0.880	
0.000	0.000	0.000	
0.000	0.000	0.000	
0.000	0.000	0.000	
0.000	0.000	0.000	
0.000	0.000	0.000	
0.000	0.000	0.000	
0.000	0.000	0.000	
0.000	0.000	0.000	
0.000	0.000	0.000	
0.433	0.819	0.819	
0.000	0.000	0.000	
0.809	0.218	0.450	
0.000	0.000	0.000	
0.000	0.000	0.000	
0.000	0.000	0.000	
0.000	0.000	0.000	
0.000	0.000	0.000	
0.525	0.525	0.131	
0.292	0.135	0.117	
0.000	0.000	0.000	
0.572	0.572	0.424	
0.000	0.000	0.000	
0.000	0.609	0.144	
0.000	0.000	0.000	
0.212	0.856	0.043	
0.685	0.685	0.630	
0.000	0.000	0.000	
0.000	0.375	0.149	
0.447	0.000	0.632	
0.211	0.563	0.183	
0.379	0.122	0.281	
0.095	0.378	0.436	
0.409	0.409	0.236	
0.000	0.000	0.000	
0.204	0.204	0.612	
0.566	0.504	0.800	
0.282	0.000	0.664	
0.518	0.000	0.388	
0.000	0.000	0.000	
0.934	0.651	0.876	
0.987	0.581	0.987	
0.000	0.000	0.000	
0.000	0.000	0.000	
0.000	0.000	0.000	
0.000	0.000	0.000	
0.000	0.000	0.000	
0.000	0.000	0.000	
0.092	0.864	0.598	
0.063	0.493	0.560	
0.000	0.000	0.000	
0.000	0.000	0.000	
0.833	0.586	0.993	
0.983	0.593	0.983	
0.157	0.157	0.272	
0.338	0.338	0.215	
0.000	0.000	0.000	
0.000	0.000	0.000	
0.000	0.000	0.000	
0.000	0.000	0.000	
0.000	0.000	0.000	
0.309	0.309	0.357	
0.000	0.000	0.000	
0.437	0.402	0.437	
0.745	0.860	0.516	
0.000	0.000	0.204	
0.000	0.000	0.000	
0.000	0.000	0.000	
0.000	0.000	0.000	
0.000	0.000	0.000	
0.000	0.000	0.000	
0.000	0.000	0.000	
0.354	0.390	0.814	
0.000	0.000	0.000	
0.000	0.000	0.000	
0.682	0.682	0.769	
0.000	0.000	0.000	
0.543	0.417	0.497	
0.000	0.168	0.514	
0.000	0.000	0.000	
0.000	0.606	0.606	
0.380	0.620	0.078	
0.358	0.361	0.000	
0.000	0.000	0.000	
0.000	0.000	0.000	
0.000	0.000	0.000	
0.000	0.000	0.000	
0.000	0.000	0.000	
0.219	0.268	0.888	
0.000	0.000	0.000	
0.000	0.000	0.000	
0.000	0.000	0.000	
0.000	0.000	0.000	
0.000	0.000	0.000	
0.000	0.000	0.000	
0.000	0.000	0.000	
0.258	0.258	0.129	
0.544	0.416	0.721	
0.000	0.545	0.228	
0.398	0.385	0.335	
0.570	0.000	0.543	
0.370	0.075	0.370	
0.534	0.388	0.671	
0.840	0.840	0.803	
0.539	0.346	0.602	
0.469	0.289	0.671	
0.094	0.070	0.607	
0.000	0.000	0.000	
0.890	0.316	0.890	
0.067	0.629	0.144	
0.370	0.046	0.724	
0.514	0.538	0.439	
0.115	0.384	0.545	
0.000	0.394	0.315	
0.526	0.380	0.496	
0.728	0.000	0.122	
0.644	0.919	0.505	
0.000	0.000	0.000	
0.681	0.504	0.571	
0.000	0.000	0.000	
0.387	0.536	0.530	
0.467	0.319	0.254	
0.098	0.000	0.833	
0.785	0.123	0.167	
0.570	0.060	0.000	
0.923	0.000	0.905	
0.235	0.034	0.493	
0.720	0.315	0.655	
0.359	0.507	0.430	
0.278	0.393	0.278	
0.517	0.454	0.454	
0.000	0.000	0.000	
0.000	0.000	0.000	
0.014	0.249	0.249	
0.359	0.359	0.879	
0.222	0.091	0.744	
0.641	0.453	0.906	
0.000	0.000	0.000	
0.000	0.000	0.000	
0.382	0.104	0.775	
0.345	0.260	0.381	
0.000	0.000	0.000	
0.000	0.000	0.000	
0.524	0.349	0.175	
0.931	0.760	0.000	
0.998	0.499	0.407	
0.392	0.320	0.853	
0.938	0.938	0.487	
0.381	0.038	0.333	
0.000	0.000	0.000	
0.000	0.000	0.000	
0.184	0.052	0.571	
0.574	0.131	0.771	
0.000	0.000	0.000	
0.000	0.000	0.000	
0.290	0.456	0.290	
0.000	0.000	0.000	
0.000	0.000	0.000	
0.810	0.614	0.753	
0.564	0.564	0.799	
0.336	0.336	0.653	
0.000	0.000	0.000	
0.021	0.538	0.556	
0.000	0.000	0.000	
0.734	0.459	0.651	
0.677	0.657	0.657	
0.727	0.507	0.727	
0.306	0.526	0.788	
0.779	0.270	0.795	
0.000	0.000	0.000	
0.359	0.000	0.691	
0.000	0.000	0.000	
0.342	0.140	0.704	
0.467	0.219	0.735	
0.476	0.000	0.666	
0.896	0.433	0.739	
0.000	0.000	0.000	
0.000	0.000	0.000	
0.085	0.069	0.244	
0.000	0.000	0.000	
0.051	0.381	0.323	
0.000	0.000	0.000	
0.000	0.000	0.000	
0.000	0.000	0.000	
0.860	0.702	0.860	
0.279	0.662	0.175	
0.976	0.038	0.976	
0.333	0.333	0.616	
0.000	0.450	0.448	
0.000	0.000	0.000	
0.000	0.000	0.000	
0.804	0.079	0.804	
0.809	0.067	0.809	
0.000	0.000	0.000	
0.940	0.559	0.645	
0.000	0.000	0.000	
0.347	0.347	0.721	
0.300	0.300	0.822	
0.000	0.000	0.000	
0.000	0.000	0.000	
0.000	0.000	0.000	
0.000	0.000	0.000	
0.181	0.074	0.052	
0.000	0.000	0.000	
0.979	0.900	0.979	
0.652	0.292	0.975	
0.320	0.320	0.984	
0.163	0.058	0.144	
0.297	0.046	0.535	
0.187	0.477	0.239	
0.000	0.000	0.000	
0.110	0.123	0.938	
0.000	0.000	0.000	
0.000	0.000	0.000	
0.776	0.776	0.761	
0.000	0.000	0.000	
0.592	0.700	0.571	
0.000	0.000	0.000	
0.000	0.000	0.000	
0.665	0.249	0.111	
0.000	0.000	0.000	
0.000	0.000	0.000	
0.000	0.000	0.000	
0.000	0.000	0.000	
0.741	0.741	0.915	
0.000	0.000	0.000	
0.681	0.681	0.213	
0.000	0.598	0.216	
0.000	0.000	0.000	
0.779	0.779	0.113	
0.000	0.000	0.000	
0.671	0.000	0.326	
0.881	0.467	0.881	
0.000	0.000	0.000	
0.000	0.000	0.000	
0.093	0.461	0.093	
0.456	0.456	0.520	
0.573	0.287	0.229	
0.000	0.000	0.000	
0.803	0.789	0.778	
0.000	0.000	0.000	
0.000	0.000	0.000	
0.000	0.000	0.000	
0.911	0.079	0.654	
0.768	0.498	0.517	
0.000	0.000	0.000	
0.354	0.765	0.084	
0.871	0.727	0.871	
0.922	0.000	0.040	
0.557	0.503	0.787	
0.308	0.000	0.103	
0.543	0.049	0.251	
0.875	0.000	0.044	
0.518	0.000	0.043	
0.520	0.451	0.578	
0.000	0.000	0.000	
0.489	0.000	0.046	
0.000	0.000	0.000	
0.000	0.000	0.000	
0.478	0.546	0.546	
0.259	0.259	0.885	
0.000	0.917	0.917	
0.491	0.491	0.000	
0.000	0.000	0.000	
0.000	0.000	0.000	
0.000	0.892	0.748	
0.000	0.475	0.475	
0.916	0.649	0.805	
0.000	0.000	0.000	
0.596	0.689	0.616	
0.059	0.103	0.410	
0.000	0.000	0.000	
0.928	0.176	0.923	
0.000	0.000	0.000	
0.693	0.693	0.415	
0.000	0.000	0.000	
0.493	0.329	0.493	
0.052	0.052	0.085	
0.910	0.252	0.308	
0.000	0.000	0.000	
0.000	0.000	0.000	
0.091	0.544	0.225	
0.000	0.000	0.000	
0.000	0.000	0.000	
0.826	0.077	0.427	
0.679	0.466	0.771	
0.802	0.298	0.028	
0.747	0.747	0.279	
0.626	0.586	0.826	
0.902	0.567	0.902	
0.000	0.000	0.000	
0.542	0.241	0.419	
0.000	0.000	0.000	
0.248	0.684	0.647	
0.423	0.338	0.422	
0.453	0.214	0.131	
0.087	0.087	0.525	
0.000	0.000	0.000	
0.000	0.000	0.000	
0.571	0.643	0.101	
0.000	0.000	0.496	
0.582	0.375	0.670	
0.000	0.000	0.000	
0.140	0.140	0.234	
0.227	0.052	0.529	
0.000	0.000	0.000	
0.685	0.521	0.685	
0.000	0.000	0.000	
0.000	0.000	0.000	
0.000	0.000	0.000	
0.930	0.658	0.930	
0.553	0.050	0.277	
0.000	0.000	0.000	
0.000	0.000	0.000	
0.000	0.000	0.000	
0.000	0.000	0.522	
0.000	0.000	0.000	
0.000	0.000	0.000	
0.000	0.000	0.000	
0.070	0.070	0.933	
0.316	0.316	0.314	
0.047	0.684	0.042	
0.000	0.000	0.277	
0.000	0.000	0.033	
0.000	0.000	0.041	
0.080	0.080	0.473	
0.000	0.000	0.000	
0.000	0.000	0.000	
0.000	0.000	0.000	
0.000	0.000	0.000	
0.000	0.000	0.000	
0.429	0.286	0.038	
0.372	0.033	0.161	
0.000	0.000	0.000	
0.000	0.000	0.000	
0.000	0.000	0.323	
0.044	0.044	0.355	
0.046	0.000	0.209	
0.772	0.926	0.076	
0.000	0.000	0.000	
0.000	0.000	0.000	
0.000	0.000	0.000	
0.000	0.179	0.179	
0.434	0.434	0.680	
0.713	0.176	0.713	
0.000	0.193	0.193	
0.545	0.596	0.545	
0.973	0.348	0.973	
0.000	0.000	0.000	
0.603	0.603	0.909	
0.000	0.000	0.000	
0.000	0.000	0.000	
0.831	0.618	0.831	
0.946	0.492	0.843	
0.638	0.000	0.965	
0.000	0.000	0.000	
0.000	0.381	0.000	
0.609	0.000	0.474	
0.409	0.000	0.651	
0.000	0.000	0.000	
0.000	0.000	0.000	
0.298	0.474	0.559	
0.000	0.000	0.000	
0.058	0.273	0.151	
0.912	0.816	0.912	
0.134	0.000	0.000	
0.000	0.000	0.000	
0.000	0.000	0.000	
0.651	0.354	0.650	
0.147	0.147	0.293	
0.893	0.000	0.893	
0.000	0.000	0.000	
0.000	0.000	0.000	
0.000	0.000	0.000	
0.325	0.066	0.066	
0.955	0.321	0.467	
0.726	0.726	0.331	
0.000	0.000	0.000	
0.484	0.484	0.000	
0.000	0.000	0.000	
0.000	0.000	0.000	
0.944	0.944	0.613	
0.000	0.000	0.000	
0.000	0.000	0.000	
0.000	0.000	0.000	
0.000	0.000	0.000	
0.958	0.055	0.958	
0.000	0.000	0.000	
0.978	0.715	0.826	
0.971	0.804	0.816	
0.000	0.000	0.000	
0.000	0.000	0.000	
0.000	0.000	0.000	
0.000	0.000	0.000	
0.000	0.000	0.000	
0.732	0.894	0.894	
0.084	0.073	0.000	
0.000	0.000	0.000	
0.606	0.228	0.429	
0.830	0.339	0.339	
0.000	0.000	0.000	
0.000	0.000	0.000	
0.000	0.000	0.000	
0.000	0.000	0.000	
0.000	0.000	0.000	
0.000	0.000	0.000	
0.000	0.000	0.000	
0.000	0.000	0.000	
0.000	0.000	0.000	
0.000	0.000	0.000	
0.074	0.419	0.524	
0.742	0.271	0.741	
0.574	0.659	0.340	
0.000	0.000	0.000	
0.494	0.187	0.000	
0.362	0.479	0.437	
0.382	0.439	0.351	
0.000	0.000	0.000	
0.237	0.034	0.000	
0.755	0.108	0.210	
0.000	0.000	0.000	
0.135	0.371	0.234	
0.000	0.000	0.000	
0.163	0.488	0.230	
0.173	0.732	0.173	
0.000	0.000	0.000	
0.283	0.222	0.444	
0.521	0.615	0.759	
0.000	0.000	0.000	
0.000	0.000	0.000	
0.074	0.420	0.043	
0.061	0.436	0.837	
0.977	0.000	0.000	
0.982	0.000	0.000	
0.000	0.636	0.545	
0.148	0.662	0.559	
0.192	0.625	0.626	
0.595	0.817	0.502	
0.000	0.000	0.000	
0.000	0.000	0.000	
0.114	0.799	0.799	
0.000	0.000	0.000	
0.734	0.225	0.734	
0.000	0.000	0.000	
0.830	0.053	0.057	
0.000	0.000	0.000	
0.193	0.000	0.153	
0.860	0.905	0.905	
0.000	0.000	0.000	
0.000	0.000	0.000	
0.000	0.000	0.000	
0.000	0.000	0.474	
0.870	0.610	0.533	
0.000	0.000	0.000	
0.000	0.000	0.000	
0.000	0.000	0.000	
0.105	0.447	0.665	
0.000	0.000	0.000	
0.361	0.125	0.125	
0.000	0.000	0.000	
0.000	0.000	0.000	
0.632	0.000	0.516	
0.000	0.243	0.243	
0.762	0.000	0.762	
0.477	0.236	0.350	
0.417	0.417	0.442	
0.000	0.000	0.000	
0.617	0.617	0.829	
0.000	0.000	0.000	
0.549	0.549	0.775	
0.193	0.341	0.314	
0.000	0.000	0.000	
0.343	0.343	0.700	
0.263	0.000	0.263	
0.000	0.000	0.000	
0.000	0.000	0.000	
0.000	0.000	0.000	
0.152	0.000	0.000	
0.000	0.000	0.000	
0.433	0.433	0.048	
0.351	0.000	0.000	
0.874	0.874	0.041	
0.874	0.874	0.041	
0.000	0.000	0.000	
0.000	0.000	0.349	
0.453	0.000	0.032	
0.000	0.000	0.000	
0.000	0.000	0.000	
0.000	0.000	0.000	
0.729	0.729	0.233	
0.485	0.404	0.485	
0.555	0.555	0.476	
0.685	0.000	0.788	
0.000	0.658	0.207	
0.821	0.575	0.821	
0.658	0.386	0.570	
0.112	0.428	0.436	
0.000	0.000	0.000	
0.000	0.000	0.000	
0.000	0.000	0.000	
0.078	0.332	0.565	
0.011	0.989	0.989	
0.960	0.960	0.769	
0.000	0.162	0.626	
0.000	0.000	0.000	
0.377	0.544	0.930	
0.460	0.000	0.133	
0.514	0.234	0.094	
0.000	0.000	0.000	
0.947	0.506	0.414	
0.514	0.294	0.205	
0.710	0.729	0.017	
0.743	0.743	0.309	
0.181	0.267	0.156	
0.000	0.000	0.000	
0.000	0.000	0.000	
0.000	0.000	0.000	
0.000	0.000	0.000	
0.284	0.284	0.768	
0.808	0.299	0.720	
0.000	0.000	0.000	
0.000	0.000	0.000	
0.000	0.000	0.000	
0.000	0.000	0.000	
0.963	0.861	0.963	
0.195	0.073	0.117	
0.241	0.422	0.241	
0.058	0.490	0.327	
0.000	0.000	0.000	
0.000	0.000	0.000	
0.000	0.000	0.000	
0.000	0.000	0.000	
0.277	0.663	0.221	
0.140	0.140	0.770	
0.736	0.602	0.712	
0.679	0.482	0.665	
0.000	0.000	0.000	
0.787	0.868	0.232	
0.000	0.000	0.000	
0.000	0.000	0.000	
0.596	0.653	0.853	
0.000	0.000	0.000	
0.000	0.000	0.000	
0.196	0.196	0.392	
0.227	0.106	0.092	
0.388	0.352	0.388	
0.000	0.000	0.000	
0.807	0.289	0.807	
0.000	0.000	0.000	
0.000	0.000	0.000	
0.000	0.000	0.000	
0.000	0.000	0.000	
0.000	0.000	0.000	
0.000	0.000	0.000	
0.000	0.000	0.000	
0.000	0.000	0.000	
0.000	0.000	0.000	
0.000	0.000	0.000	
0.546	0.546	0.851	
0.577	0.577	0.779	
0.695	0.695	0.347	
0.978	0.827	0.978	
0.647	0.068	0.915	
0.219	0.656	0.000	
0.000	0.000	0.000	
0.131	0.808	0.365	
0.000	0.000	0.000	
0.000	0.000	0.000	
0.889	0.889	0.770	
0.267	0.799	0.267	
0.000	0.000	0.000	
0.178	0.000	0.000	
0.000	0.000	0.000	
0.000	0.000	0.000	
0.000	0.000	0.000	
0.000	0.000	0.000	
0.000	0.000	0.000	
0.000	0.000	0.000	
0.000	0.762	0.305	
0.500	0.500	0.500	
0.925	0.846	0.846	
0.000	0.000	0.000	
0.236	0.107	0.605	
0.000	0.000	0.000	
0.000	0.000	0.000	
0.000	0.000	0.000	
0.642	0.719	0.812	
0.000	0.000	0.000	
0.000	0.000	0.000	
0.000	0.000	0.000	
0.000	0.000	0.000	
0.000	0.000	0.000	
0.160	0.428	0.439	
0.000	0.000	0.000	
0.000	0.000	0.000	
0.000	0.000	0.899	
0.151	0.854	0.506	
0.347	0.588	0.588	
0.000	0.000	0.000	
0.000	0.000	0.000	
0.000	0.564	0.564	
0.000	0.000	0.000	
0.000	0.000	0.000	
0.911	0.503	0.911	
0.488	0.488	0.862	
0.000	0.000	0.000	
0.000	0.000	0.000	
0.129	0.509	0.903	
0.000	0.000	0.000	
0.027	0.012	0.033	
0.000	0.000	0.000	
0.676	0.090	0.045	
0.592	0.566	0.330	
0.740	0.489	0.475	
0.768	0.223	0.041	
0.000	0.000	0.000	
0.000	0.000	0.000	
0.993	0.860	0.993	
0.000	0.000	0.000	
0.928	0.856	0.928	
0.869	0.869	0.914	
0.021	0.026	0.799	
0.716	0.558	0.558	
0.356	0.360	0.420	
0.268	0.506	0.713	
0.389	0.476	0.793	
0.651	0.369	0.632	
0.176	0.000	0.078	
0.195	0.065	0.580	
0.570	0.021	0.151	
0.000	0.000	0.000	
0.000	0.000	0.000	
0.860	0.811	0.784	
0.000	0.848	0.602	
0.568	0.189	0.095	
0.500	0.500	0.657	
0.000	0.000	0.000	
0.960	0.607	0.784	
0.458	0.648	0.038	
0.000	0.000	0.000	
0.000	0.000	0.000	
0.596	0.000	0.000	
0.000	0.000	0.000	
0.835	0.477	0.754	
0.460	0.363	0.460	
0.507	0.598	0.085	
0.250	0.250	0.882	
0.000	0.000	0.000	
0.831	0.256	0.831	
0.000	0.000	0.000	
0.695	0.387	0.695	
0.514	0.178	0.084	
0.202	0.303	0.143	
0.300	0.845	0.025	
0.000	0.000	0.000	
0.643	0.536	0.536	
0.641	0.342	0.342	
0.658	0.389	0.658	
0.000	0.000	0.000	
0.000	0.000	0.000	
0.000	0.000	0.000	
0.579	0.000	0.000	
0.000	0.000	0.000	
0.000	0.000	0.000	
0.658	0.731	0.702	
0.000	0.000	0.000	
0.605	0.122	0.122	
0.000	0.000	0.277	
0.000	0.000	0.000	
0.000	0.000	0.000	
0.000	0.000	0.000	
0.000	0.000	0.000	
0.000	0.000	0.000	
0.000	0.000	0.000	
0.000	0.000	0.000	
0.000	0.000	0.000	
0.000	0.000	0.000	
0.302	0.302	0.598	
0.000	0.000	0.000	
0.000	0.000	0.000	
0.632	0.447	0.447	
0.000	0.000	0.000	
0.601	0.827	0.038	
0.000	0.000	0.000	
0.000	0.000	0.000	
0.000	0.000	0.000	
0.000	0.000	0.863	
0.482	0.599	0.863	
0.000	0.000	0.000	
0.395	0.072	0.000	
0.000	0.000	0.000	
0.000	0.000	0.000	
0.145	0.738	0.785	
0.898	0.833	0.820	
0.609	0.610	0.800	
0.000	0.000	0.000	
0.218	0.000	0.463	
0.000	0.000	0.000	
0.000	0.000	0.372	
0.000	0.000	0.000	
0.000	0.000	0.000	
0.000	0.000	0.000	
0.000	0.000	0.000	
0.752	0.501	0.382	
0.874	0.874	0.140	
0.000	0.000	0.000	
0.919	0.137	0.137	
0.000	0.000	0.000	
0.000	0.000	0.000	
0.075	0.184	0.184	
0.630	0.530	0.499	
0.000	0.000	0.000	
0.000	0.000	0.000	
0.000	0.000	0.000	
0.460	0.460	0.000	
0.000	0.000	0.000	
0.000	0.000	0.000	
0.000	0.000	0.000	
0.000	0.000	0.000	
0.000	0.000	0.000	
0.000	0.000	0.000	
0.301	0.390	0.126	
0.000	0.000	0.000	
0.464	0.309	0.430	
0.000	0.000	0.000	
0.000	0.000	0.000	
0.568	0.356	0.887	
0.389	0.000	0.000	
0.084	0.434	0.699	
0.000	0.206	0.927	
0.000	0.000	0.000	
0.000	0.000	0.000	
0.000	0.000	0.000	
0.000	0.000	0.000	
0.000	0.000	0.000	
0.000	0.000	0.000	
0.000	0.000	0.000	
0.000	0.000	0.000	
0.000	0.000	0.000	
0.800	0.708	0.628	
0.000	0.000	0.000	
0.630	0.630	0.060	
0.695	0.612	0.613	
0.830	0.830	0.196	
0.361	0.631	0.701	
0.881	0.102	0.550	
0.000	0.000	0.000	
0.000	0.000	0.000	
0.377	0.377	0.762	
0.581	0.000	0.082	
0.000	0.000	0.000	
0.792	0.686	0.056	
0.000	0.000	0.000	
0.042	0.678	0.526	
0.000	0.000	0.000	
0.000	0.000	0.000	
0.000	0.000	0.000	
0.000	0.747	0.747	
0.031	0.651	0.443	
0.429	0.205	0.506	
0.593	0.291	0.500	
0.821	0.314	0.554	
0.000	0.000	0.000	
0.000	0.000	0.000	
0.000	0.000	0.000	
0.000	0.000	0.000	
0.474	0.602	0.464	
0.638	0.000	0.638	
0.205	0.794	0.589	
0.000	0.000	0.000	
0.000	0.000	0.000	
0.000	0.000	0.000	
0.645	0.000	0.877	
0.000	0.000	0.000	
0.000	0.000	0.000	
0.200	0.200	0.000	
0.000	0.000	0.000	
0.000	0.000	0.000	
1.000	0.000	0.000	
0.519	0.144	0.145	
0.000	0.000	0.000	
0.000	0.000	0.000	
0.000	0.000	0.000	
0.000	0.000	0.000	
0.000	0.000	0.000	
0.000	0.000	0.000	
0.000	0.000	0.000	
0.974	0.748	0.069	
0.000	0.000	0.000	
0.144	0.000	0.000	
0.383	0.938	0.787	
0.309	0.126	0.416	
0.125	0.540	0.000	
0.000	0.000	0.000	
0.728	0.542	0.831	
0.809	0.809	0.710	
0.000	0.000	0.000	
0.000	0.000	0.000	
0.000	0.000	0.000	
0.000	0.000	0.000	
0.172	0.172	0.913	
0.107	0.107	0.871	
0.753	0.753	0.455	
0.851	0.851	0.455	
0.000	0.000	0.000	
0.000	0.000	0.000	
0.128	0.159	0.589	
0.805	0.805	0.509	
0.108	0.503	0.206	
0.896	0.895	0.000	
0.643	0.643	0.053	
0.340	0.285	0.467	
0.000	0.000	0.000	
0.313	0.292	0.685	
0.630	0.223	0.382	
0.000	0.000	0.000	
0.249	0.076	0.097	
0.000	0.158	0.398	
0.000	0.000	0.000	
0.646	0.258	0.258	
0.122	0.687	0.564	
0.438	0.253	0.631	
0.233	0.174	0.116	
0.211	0.000	0.106	
0.272	0.111	0.559	
0.000	0.000	0.000	
0.000	0.000	0.000	
0.846	0.846	0.121	
0.083	0.083	0.041	
0.673	0.556	0.602	
0.843	0.677	0.451	
0.456	0.858	0.662	
0.371	0.547	0.408	
0.340	0.599	0.492	
0.394	0.322	0.442	
0.221	0.508	0.478	
0.440	0.652	0.227	
0.000	0.000	0.000	
0.000	0.628	0.440	
0.308	0.038	0.884	
0.588	0.828	0.265	
0.000	0.000	0.000	
0.000	0.000	0.000	
0.297	0.401	0.540	
0.000	0.000	0.000	
0.000	0.000	0.000	
0.832	0.319	0.832	
0.480	0.542	0.831	
0.000	0.000	0.000	
0.000	0.000	0.000	
0.355	0.355	0.975	
0.425	0.150	0.212	
0.531	0.087	0.188	
0.761	0.895	0.233	
0.000	0.221	0.773	
0.000	0.000	0.000	
0.000	0.000	0.000	
0.401	0.411	0.343	
0.000	0.000	0.000	
0.331	0.189	0.801	
0.616	0.000	0.466	
0.072	0.044	0.685	
0.000	0.000	0.000	
0.596	0.000	0.000	
0.000	0.000	0.000	
0.347	0.392	0.320	
0.000	0.000	0.000	
0.000	0.000	0.000	
0.000	0.000	0.000	
0.164	0.164	0.822	
0.000	0.000	0.000	
0.000	0.000	0.000	
0.000	0.000	0.000	
0.797	0.542	0.542	
0.000	0.000	0.000	
0.799	0.799	0.042	
0.000	0.000	0.000	
0.602	0.323	0.678	
0.000	0.105	0.685	
0.000	0.000	0.597	
0.617	0.617	0.089	
0.000	0.000	0.000	
0.000	0.000	0.000	
0.000	0.000	0.000	
0.000	0.000	0.000	
0.000	0.000	0.000	
0.000	0.000	0.000	
0.000	0.000	0.000	
0.423	0.000	0.735	
0.000	0.000	0.000	
0.193	0.193	0.000	
0.000	0.000	0.000	
0.000	0.000	0.000	
0.000	0.000	0.000	
0.000	0.000	0.000	
0.000	0.000	0.000	
0.447	0.000	0.000	
0.000	0.000	0.000	
0.849	0.149	0.441	
0.741	0.432	0.288	
0.000	0.000	0.000	
0.000	0.000	0.000	
0.389	0.389	0.195	
0.525	0.080	0.716	
0.000	0.000	0.000	
0.000	0.000	0.000	
0.802	0.896	0.158	
0.853	0.853	0.348	
0.472	0.218	0.330	
0.698	0.698	0.779	
0.520	0.297	0.368	
0.000	0.000	0.000	
0.806	0.708	0.025	
0.000	0.000	0.000	
0.000	0.000	0.000	
0.492	0.032	0.347	
0.823	0.823	0.906	
0.052	0.000	0.546	
0.634	0.179	0.538	
0.000	0.000	0.000	
0.378	0.095	0.520	
0.000	0.000	0.000	
0.000	0.000	0.000	
0.000	0.000	0.000	
0.709	0.274	0.597	
0.000	0.000	0.000	
0.148	0.169	0.267	
0.513	0.212	0.649	
0.557	0.411	0.353	
0.000	0.000	0.000	
0.967	0.779	0.967	
0.000	0.000	0.000	
0.000	0.000	0.000	
0.207	0.724	0.147	
0.582	0.618	0.281	
0.000	0.000	0.000	
0.000	0.000	0.000	
0.206	0.771	0.450	
0.000	0.000	0.000	
0.044	0.170	0.793	
0.741	0.344	0.798	
0.000	0.000	0.000	
0.000	0.000	0.000	
0.125	0.000	0.000	
0.280	0.686	0.000	
0.710	0.365	0.708	
0.000	0.000	0.000	
0.656	0.656	0.965	
0.580	0.580	0.818	
0.654	0.654	0.971	
0.630	0.630	0.925	
0.000	0.000	0.000	
0.991	0.364	0.991	
0.000	0.000	0.000	
0.153	0.412	0.115	
0.000	0.000	0.000	
0.000	0.000	0.000	
0.000	0.000	0.000	
0.000	0.000	0.000	
0.000	0.000	0.000	
0.977	0.011	0.977	
0.908	0.909	0.764	
0.832	0.891	0.832	
0.000	0.000	0.000	
0.124	0.124	0.198	
0.749	0.216	0.325	
0.000	0.000	0.000	
0.000	0.000	0.000	
0.000	0.000	0.000	
0.000	0.000	0.000	
0.551	0.469	0.551	
0.000	0.000	0.000	
0.985	0.518	0.985	
0.606	0.398	0.646	
0.000	0.000	0.000	
0.000	0.000	0.000	
0.149	0.199	0.347	
0.000	0.000	0.000	
0.329	0.127	0.344	
0.000	0.000	0.000	
0.034	0.324	0.639	
0.437	0.588	0.537	
0.000	0.000	0.000	
0.000	0.000	0.000	
0.000	0.000	0.000	
0.000	0.000	0.000	
0.000	0.000	0.000	
0.535	0.535	0.000	
0.000	0.000	0.000	
0.572	0.371	0.454	
0.220	0.051	0.249	
0.069	0.552	0.552	
0.632	0.966	0.113	
0.000	0.048	0.470	
0.000	0.000	0.000	
0.000	0.000	0.000	
0.000	0.000	0.000	
0.122	0.346	0.122	
0.816	0.816	0.339	
0.000	0.000	0.000	
0.000	0.000	0.000	
0.000	0.000	0.000	
0.000	0.000	0.000	
0.318	0.318	0.397	
0.000	0.000	0.000	
0.000	0.000	0.000	
0.027	0.187	0.152	
0.366	0.157	0.731	
0.000	0.000	0.000	
0.615	0.138	0.589	
0.465	0.024	0.127	
0.659	0.709	0.223	
0.000	0.000	0.000	
0.000	0.000	0.000	
0.502	0.482	0.983	
0.000	0.000	0.000	
0.000	0.000	0.000	
0.581	0.771	0.771	
0.558	0.762	0.852	
0.065	0.000	0.227	
0.647	0.278	0.196	
0.643	0.124	0.367	
0.000	0.000	0.000	
0.723	0.246	0.246	
0.000	0.000	0.000	
0.000	0.000	0.000	
0.414	0.414	0.000	
0.129	0.000	0.579	
0.000	0.000	0.000	
0.854	0.168	0.667	
0.000	0.000	0.000	
0.000	0.000	0.000	
0.000	0.000	0.000	
0.000	0.000	0.000	
0.000	0.000	0.000	
0.834	0.340	0.340	
0.816	0.333	0.333	
0.000	0.000	0.000	
0.988	0.587	0.678	
0.000	0.000	0.000	
0.000	0.000	0.000	
0.000	0.000	0.000	
0.000	0.000	0.000	
0.000	0.000	0.000	
0.000	0.000	0.000	
0.000	0.000	0.000	
0.000	0.000	0.219	
0.367	0.240	0.438	
0.387	0.179	0.567	
0.662	0.330	0.229	
0.000	0.000	0.000	
0.000	0.000	0.000	
0.000	0.000	0.000	
0.000	0.000	0.000	
0.000	0.580	0.168	
0.000	0.000	0.000	
0.000	0.000	0.000	
0.574	0.576	0.242	
0.821	0.569	0.452	
0.000	0.000	0.000	
0.000	0.000	0.783	
0.000	0.000	0.000	
0.216	0.755	0.378	
0.000	0.000	0.000	
0.433	0.152	0.491	
0.000	0.000	0.000	
0.000	0.000	0.000	
0.000	0.000	0.000	
0.000	0.000	0.000	
0.000	0.000	0.000	
0.000	0.000	0.000	
0.000	0.000	0.000	
0.000	0.000	0.000	
0.000	0.000	0.000	
0.665	0.665	0.035	
0.221	0.701	0.701	
0.107	0.578	0.719	
0.841	0.521	0.729	
0.782	0.139	0.853	
0.000	0.000	0.000	
0.000	0.000	0.000	
0.000	0.000	0.000	
0.000	0.000	0.000	
0.000	0.000	0.000	
0.856	0.222	0.222	
0.000	0.000	0.000	
0.000	0.000	0.000	
0.000	0.000	0.000	
0.000	0.000	0.000	
0.000	0.000	0.000	
0.077	0.243	0.306	
0.618	0.023	0.305	
0.063	0.871	0.660	
0.704	0.237	0.440	
0.141	0.682	0.617	
0.574	0.930	0.594	
0.413	0.277	0.510	
0.479	0.000	0.448	
0.415	0.204	0.414	
0.760	0.760	0.163	
0.000	0.000	0.000	
0.000	0.000	0.000	
0.228	0.455	0.483	
0.654	0.604	0.832	
0.536	0.113	0.552	
0.000	0.000	0.000	
0.670	0.670	0.383	
0.000	0.000	0.000	
0.582	0.802	0.360	
0.074	0.552	0.212	
0.000	0.000	0.000	
0.237	0.904	0.640	
0.482	0.482	0.072	
0.000	0.000	0.000	
0.670	0.258	0.670	
0.483	0.558	0.319	
0.136	0.499	0.182	
0.625	0.625	0.375	
0.577	0.096	0.193	
0.340	0.194	0.138	
0.569	0.945	0.260	
0.000	0.000	0.000	
0.824	0.284	0.586	
0.592	0.199	0.592	
0.050	0.175	0.249	
0.000	0.000	0.000	
0.000	0.000	0.000	
0.575	0.854	0.357	
0.258	0.183	0.462	
0.432	0.188	0.774	
0.366	0.299	0.384	
0.184	0.552	0.552	
0.000	0.000	0.000	
0.000	0.000	0.000	
0.251	0.190	0.470	
0.000	0.000	0.000	
0.292	0.421	0.042	
0.000	0.000	0.000	
0.000	0.000	0.000	
0.631	0.532	0.890	
0.694	0.561	0.895	
0.000	0.000	0.000	
0.000	0.000	0.000	
0.000	0.000	0.000	
0.000	0.000	0.000	
0.000	0.000	0.000	
0.000	0.000	0.000	
0.000	0.000	0.651	
0.000	0.000	0.270	
0.184	0.830	0.633	
0.169	0.024	0.708	
0.000	0.000	0.000	
0.000	0.000	0.000	
0.000	0.000	0.000	
0.153	0.306	0.219	
0.596	0.482	0.417	
0.000	0.000	0.000	
0.757	0.452	0.757	
0.000	0.000	0.000	
0.000	0.000	0.000	
0.666	0.589	0.000	
0.632	0.632	0.406	
0.203	0.338	0.901	
0.088	0.556	0.644	
0.000	0.000	0.000	
0.479	0.169	0.169	
0.000	0.000	0.000	
0.000	0.000	0.000	
0.392	0.678	0.392	
0.546	0.000	0.164	
0.538	0.395	0.670	
0.998	0.677	0.998	
0.000	0.000	0.000	
0.000	0.000	0.000	
0.000	0.000	0.000	
0.000	0.000	0.000	
0.000	0.000	0.000	
0.000	0.000	0.000	
0.000	0.348	0.277	
0.000	0.000	0.000	
0.181	0.108	0.729	
0.000	0.000	0.000	
0.000	0.000	0.000	
0.000	0.000	0.000	
0.651	0.000	0.651	
0.000	0.000	0.000	
0.000	0.000	0.270	
0.000	0.000	0.000	
0.000	0.000	0.000	
0.757	0.024	0.000	
0.000	0.000	0.000	
0.596	0.211	0.422	
0.000	0.000	0.000	
0.000	0.000	0.000	
0.000	0.000	0.000	
0.839	0.513	0.839	
0.985	0.424	0.853	
0.000	0.000	0.000	
0.000	0.000	0.000	
0.000	0.000	0.000	
0.000	0.000	0.000	
0.000	0.000	0.000	
0.000	0.000	0.000	
0.441	0.732	0.783	
0.000	0.000	0.000	
0.000	0.000	0.000	
0.000	0.000	0.000	
0.752	0.756	0.583	
0.762	0.719	0.636	
0.000	0.000	0.000	
0.000	0.000	0.000	
0.000	0.000	0.000	
0.000	0.000	0.000	
0.000	0.000	0.000	
0.823	0.947	0.947	
0.340	0.453	0.240	
0.000	0.000	0.000	
0.801	0.697	0.831	
0.000	0.000	0.000	
0.000	0.000	0.000	
0.406	0.548	0.709	
0.715	0.740	0.766	
0.377	0.478	0.654	
0.824	0.824	0.700	
0.000	0.000	0.000	
0.000	0.510	0.388	
0.128	0.085	0.060	
0.875	0.000	0.875	
0.926	0.508	0.926	
0.522	0.522	0.602	
0.000	0.000	0.000	
0.000	0.000	0.000	
0.000	0.000	0.000	
0.000	0.000	0.000	
0.223	0.364	0.256	
0.551	0.644	0.626	
0.750	0.634	0.786	
0.000	0.000	0.000	
0.247	0.000	0.681	
0.534	0.534	0.425	
0.850	0.637	0.850	
0.000	0.000	0.000	
0.000	0.000	0.000	
0.000	0.000	0.000	
0.000	0.000	0.000	
0.100	0.000	0.837	
0.000	0.000	0.481	
0.187	0.000	0.364	
0.000	0.000	0.000	
0.570	0.570	0.077	
0.036	0.021	0.036	
0.000	0.000	0.000	
0.000	0.000	0.000	
0.000	0.000	0.000	
0.000	0.000	0.000	
0.000	0.000	0.000	
0.000	0.000	0.000	
0.000	0.000	0.000	
0.000	0.000	0.000	
0.000	0.000	0.000	
0.000	0.000	0.000	
0.000	0.000	0.000	
0.000	0.000	0.000	
0.000	0.000	0.000	
0.000	0.000	0.000	
0.000	0.000	0.000	
0.000	0.000	0.000	
0.846	0.313	0.551	
0.583	0.583	0.824	
0.616	0.616	0.264	
0.519	0.576	0.262	
0.639	0.320	0.639	
0.517	0.000	0.517	
0.322	0.495	0.328	
0.574	0.250	0.522	
0.056	0.163	0.310	
0.000	0.000	0.000	
0.000	0.000	0.000	
0.712	0.215	0.215	
0.000	0.000	0.000	
0.000	0.000	0.000	
0.314	0.815	0.827	
0.041	0.149	0.458	
0.456	0.628	0.487	
0.463	0.638	0.447	
0.203	0.203	0.236	
0.820	0.000	0.287	
0.149	0.634	0.712	
0.130	0.130	0.092	
0.000	0.000	0.000	
0.536	0.447	0.447	
0.000	0.000	0.000	
0.000	0.258	0.258	
0.329	0.230	0.518	
0.000	0.000	0.000	
0.474	0.000	0.559	
0.834	0.834	0.161	
0.000	0.000	0.000	
0.000	0.000	0.000	
0.295	0.279	0.148	
0.000	0.000	0.000	
0.856	0.506	0.994	
0.000	0.000	0.000	
0.507	0.845	0.085	
0.000	0.000	0.000	
0.000	0.000	0.000	
0.000	0.000	0.000	
0.000	0.000	0.000	
0.000	0.000	0.000	
0.000	0.424	0.000	
0.000	0.000	0.000	
0.109	0.285	0.118	
0.816	0.000	0.500	
0.000	0.000	0.000	
0.000	0.000	0.577	
0.000	0.000	0.000	
0.303	0.143	0.404	
0.000	0.000	0.000	
0.501	0.501	0.358	
0.621	0.827	0.673	
0.000	0.761	0.976	
0.000	0.000	0.000	
0.000	0.000	0.000	
0.000	0.117	0.746	
0.522	0.143	0.437	
0.285	0.000	0.000	
0.000	0.000	0.000	
0.000	0.000	0.000	
0.129	0.119	0.146	
0.115	0.093	0.094	
0.000	0.000	0.000	
0.000	0.000	0.000	
0.000	0.000	0.000	
0.000	0.000	0.000	
0.000	0.000	0.000	
0.000	0.000	0.000	
0.000	0.000	0.000	
0.000	0.000	0.000	
0.000	0.000	0.000	
0.000	0.000	0.000	
0.000	0.000	0.000	
0.000	0.000	0.000	
0.507	0.598	0.085	
0.000	0.000	0.000	
0.932	0.000	0.462	
0.000	0.000	0.000	
0.675	0.338	0.080	
0.000	0.229	0.308	
0.000	0.000	0.000	
0.548	0.301	0.241	
0.000	0.000	0.000	
0.000	0.000	0.000	
0.000	0.000	0.000	
0.000	0.000	0.000	
0.000	0.000	0.000	
0.000	0.000	0.000	
0.501	0.501	0.809	
0.728	0.728	0.343	
0.153	0.411	0.153	
0.000	0.000	0.702	
0.102	0.689	0.689	
0.000	0.000	0.000	
0.380	0.703	0.641	
0.949	0.037	0.949	
0.000	0.000	0.000	
0.000	0.000	0.000	
0.000	0.000	0.000	
0.590	0.772	0.772	
0.000	0.000	0.000	
0.244	0.640	0.640	
0.000	0.000	0.000	
0.000	0.000	0.000	
0.707	0.067	0.707	
0.000	0.000	0.000	
0.122	0.784	0.740	
0.000	0.373	0.232	
0.000	0.000	0.000	
0.000	0.000	0.000	
0.000	0.000	0.000	
0.207	0.366	0.220	
0.000	0.000	0.000	
0.119	0.356	0.707	
0.136	0.000	0.407	
0.000	0.000	0.000	
0.059	0.059	0.119	
0.901	0.565	0.269	
0.145	0.145	0.308	
0.052	0.211	0.612	
0.797	0.205	0.569	
0.839	0.363	0.640	
0.000	0.000	0.000	
0.451	0.292	0.506	
0.292	0.000	0.000	
0.000	0.000	0.000	
0.407	0.738	0.887	
0.000	0.000	0.388	
0.000	0.000	0.000	
0.531	0.531	0.282	
0.000	0.000	0.000	
0.000	0.000	0.000	
0.083	0.629	0.000	
0.000	0.000	0.000	
0.583	0.115	0.543	
0.386	0.565	0.978	
0.000	0.000	0.000	
0.257	0.534	0.869	
0.000	0.000	0.000	
0.614	0.577	0.537	
0.000	0.000	0.000	
0.000	0.000	0.000	
0.607	0.607	0.507	
0.000	0.000	0.000	
0.621	0.784	0.764	
0.369	0.175	0.623	
0.000	0.000	0.000	
0.000	0.000	0.000	
0.302	0.738	0.044	
0.548	0.000	0.496	
0.586	0.000	0.467	
0.398	0.398	0.188	
0.267	0.000	0.308	
0.682	0.597	0.697	
0.827	0.000	0.362	
0.000	0.000	0.000	
0.000	0.000	0.000	
0.000	0.000	0.000	
0.000	0.000	0.000	
0.000	0.000	0.000	
0.000	0.000	0.000	
0.071	0.071	0.574	
0.000	0.000	0.000	
0.149	0.132	0.297	
0.000	0.000	0.000	
0.569	0.629	0.000	
0.240	0.240	0.760	
0.000	0.000	0.000	
0.000	0.000	0.000	
0.000	0.000	0.000	
0.731	0.406	0.423	
0.126	0.193	0.685	
0.000	0.000	0.000	
0.385	0.585	0.451	
0.636	0.244	0.688	
0.339	0.573	0.617	
0.264	0.309	0.534	
0.000	0.000	0.000	
0.000	0.000	0.000	
0.000	0.000	0.000	
0.575	0.033	0.000	
0.567	0.519	0.635	
0.000	0.000	0.000	
0.026	0.038	0.209	
0.000	0.000	0.000	
0.000	0.000	0.000	
0.000	0.000	0.000	
0.000	0.000	0.000	
0.000	0.000	0.000	
0.000	0.000	0.000	
0.089	0.045	0.624	
0.000	0.000	0.000	
0.000	0.612	0.737	
0.000	0.000	0.000	
0.432	0.207	0.809	
0.000	0.000	0.000	
0.656	0.000	0.617	
0.077	0.354	0.783	
0.680	0.408	0.680	
0.000	0.000	0.000	
0.000	0.000	0.000	
0.693	0.499	0.643	
0.928	0.060	0.928	
0.000	0.000	0.000	
0.000	0.000	0.000	
0.092	0.581	0.745	
0.541	0.560	0.560	
0.648	0.687	0.727	
0.566	0.761	0.439	
0.000	0.000	0.000	
0.293	0.243	0.292	
0.363	0.822	0.194	
0.193	0.091	0.079	
0.525	0.524	0.525	
0.356	0.276	0.836	
0.000	0.000	0.000	
0.102	0.059	0.633	
0.131	0.000	0.656	
0.000	0.000	0.000	
0.131	0.000	0.186	
0.806	0.698	0.657	
0.433	0.000	0.647	
0.000	0.044	0.051	
0.495	0.000	0.643	
0.000	0.000	0.000	
0.327	0.327	0.420	
0.056	0.389	0.841	
0.000	0.000	0.000	
0.000	0.000	0.000	
0.272	0.201	0.914	
0.000	0.000	0.795	
0.822	0.472	0.675	
0.000	0.000	0.000	
0.806	0.053	0.667	
0.000	0.000	0.000	
0.536	0.757	0.948	
0.000	0.000	0.000	
0.528	0.639	0.639	
0.000	0.000	0.000	
0.507	0.598	0.085	
0.066	0.365	0.870	
0.793	0.534	0.611	
0.949	0.605	0.466	
0.000	0.000	0.000	
0.000	0.000	0.000	
0.000	0.000	0.000	
0.000	0.000	0.000	
0.000	0.000	0.000	
0.000	0.000	0.000	
0.612	0.303	0.879	
0.619	0.470	0.544	
0.000	0.000	0.000	
0.558	0.292	0.584	
0.000	0.000	0.000	
0.000	0.000	0.000	
0.000	0.000	0.000	
0.000	0.000	0.000	
0.820	0.675	0.723	
0.000	0.000	0.000	
0.000	0.000	0.000	
0.920	0.042	0.920	
0.000	0.000	0.000	
0.000	0.000	0.000	
0.873	0.815	0.827	
0.481	0.121	0.391	
0.766	0.558	0.548	
0.743	0.283	0.624	
0.102	0.599	0.395	
0.071	0.328	0.367	
0.000	0.000	0.000	
0.736	0.582	0.534	
0.975	0.097	0.818	
0.482	0.887	0.887	
0.000	0.000	0.000	
0.000	0.103	0.717	
0.000	0.000	0.000	
0.000	0.000	0.000	
0.000	0.000	0.000	
0.000	0.000	0.000	
0.000	0.000	0.000	
0.000	0.000	0.000	
0.903	0.692	0.045	
0.000	0.000	0.000	
0.000	0.000	0.000	
0.215	0.659	0.659	
0.000	0.000	0.000	
0.000	0.000	0.000	
0.000	0.000	0.000	
0.000	0.000	0.000	
0.000	0.000	0.000	
0.000	0.000	0.000	
0.000	0.000	0.000	
0.418	0.345	0.657	
0.000	0.000	0.000	
0.670	0.567	0.716	
0.347	0.126	0.214	
0.000	0.000	0.000	
0.000	0.000	0.000	
0.000	0.000	0.000	
0.471	0.582	0.582	
0.429	0.000	0.000	
0.125	0.000	0.243	
0.719	0.000	0.719	
0.576	0.064	0.417	
0.858	0.000	0.450	
0.295	0.361	0.232	
0.609	0.217	0.302	
0.431	0.209	0.095	
0.400	0.822	0.822	
0.452	0.392	0.000	
0.000	0.000	0.000	
0.000	0.000	0.000	
0.000	0.000	0.000	
0.000	0.000	0.000	
0.000	0.000	0.000	
0.000	0.000	0.000	
0.223	0.558	0.223	
0.000	0.000	0.000	
0.000	0.000	0.000	
0.388	0.155	0.329	
0.271	0.784	0.271	
0.593	0.000	0.084	
0.771	0.463	0.463	
0.000	0.000	0.000	
0.000	0.000	0.000	
0.000	0.000	0.000	
0.000	0.000	0.000	
0.000	0.000	0.000	
0.000	0.000	0.000	
0.000	0.000	0.000	
0.000	0.000	0.000	
0.793	0.550	0.592	
0.000	0.000	0.000	
0.000	0.000	0.000	
0.000	0.000	0.000	
0.000	0.000	0.000	
0.000	0.000	0.000	
0.000	0.000	0.000	
0.492	0.403	0.594	
0.000	0.000	0.000	
0.000	0.000	0.000	
0.000	0.000	0.000	
0.416	0.312	0.467	
0.414	0.374	0.185	
0.325	0.085	0.459	
0.000	0.000	0.000	
0.000	0.000	0.000	
0.000	0.000	0.000	
0.000	0.000	0.000	
0.000	0.000	0.000	
0.128	0.060	0.689	
0.000	0.000	0.000	
0.248	0.817	0.681	
0.016	0.921	0.667	
0.531	0.000	0.642	
0.178	0.124	0.580	
0.289	0.583	0.000	
0.325	0.546	0.782	
0.000	0.000	0.000	
0.800	0.351	0.725	
0.000	0.000	0.000	
0.664	0.000	0.639	
0.569	0.417	0.233	
0.000	0.000	0.000	
0.951	0.784	0.951	
0.000	0.000	0.860	
0.000	0.000	0.000	
0.000	0.000	0.000	
0.000	0.000	0.000	
0.000	0.000	0.000	
0.480	0.986	0.986	
0.000	0.000	0.000	
0.031	0.036	0.313	
0.000	0.000	0.000	
0.000	0.000	0.000	
0.000	0.000	0.000	
0.231	0.231	0.866	
0.672	0.672	0.402	
0.408	0.000	0.617	
0.920	0.236	0.789	
0.000	0.000	0.000	
0.000	0.000	0.000	
0.322	0.564	0.564	
0.541	0.541	0.208	
0.679	0.019	0.539	
0.685	0.000	0.569	
0.790	0.000	0.236	
0.680	0.492	0.609	
0.278	0.031	0.320	
0.278	0.031	0.320	
0.416	0.000	0.267	
0.000	0.000	0.000	
0.000	0.000	0.000	
0.000	0.000	0.000	
0.000	0.000	0.000	
0.570	0.873	0.873	
0.000	0.000	0.000	
0.457	0.587	0.791	
0.000	0.000	0.000	
0.880	0.716	0.724	
0.037	0.073	0.511	
0.426	0.000	0.000	
0.000	0.000	0.000	
0.354	0.354	0.612	
0.000	0.000	0.000	
0.000	0.000	0.000	
0.000	0.000	0.000	
0.000	0.000	0.000	
0.000	0.000	0.000	
0.000	0.000	0.000	
0.000	0.000	0.000	
0.000	0.000	0.000	
0.000	0.000	0.000	
0.000	0.000	0.000	
0.000	0.289	0.000	
0.864	0.864	0.696	
0.761	0.639	0.639	
0.000	0.000	0.000	
0.620	0.684	0.491	
0.143	0.626	0.619	
0.000	0.000	0.000	
0.581	0.463	0.236	
0.165	0.101	0.234	
0.333	0.118	0.176	
0.000	0.000	0.000	
0.000	0.000	0.000	
0.509	0.509	0.582	
0.000	0.000	0.000	
0.000	0.000	0.000	
0.823	0.768	0.823	
0.657	0.632	0.581	
0.184	0.000	0.648	
0.000	0.000	0.000	
0.000	0.000	0.000	
0.575	0.340	0.476	
0.383	0.000	0.205	
0.328	0.686	0.164	
0.527	0.612	0.334	
0.000	0.000	0.000	
0.000	0.000	0.000	
0.458	0.361	0.443	
0.000	0.000	0.000	
0.890	0.182	0.890	
0.761	0.496	0.761	
0.531	0.433	0.076	
0.139	0.722	0.139	
0.599	0.450	0.583	
0.000	0.400	0.640	
0.000	0.000	0.000	
0.000	0.000	0.000	
0.000	0.000	0.000	
0.000	0.000	0.000	
0.000	0.000	0.000	
0.000	0.000	0.329	
0.000	0.000	0.000	
0.875	0.875	0.159	
0.239	0.167	0.000	
0.000	0.000	0.000	
0.000	0.000	0.000	
0.796	0.076	0.110	
0.000	0.000	0.000	
0.961	0.619	0.814	
0.000	0.000	0.000	
0.000	0.000	0.000	
0.000	0.000	0.000	
0.000	0.000	0.000	
0.530	0.354	0.306	
0.000	0.000	0.000	
0.000	0.000	0.000	
0.000	0.000	0.000	
0.000	0.000	0.000	
0.759	0.759	0.801	
0.355	0.000	0.433	
0.854	0.037	0.080	
0.000	0.000	0.000	
0.951	0.549	0.951	
0.720	0.346	0.566	
0.335	0.283	0.283	
0.296	0.296	0.125	
0.385	0.385	0.606	
0.760	0.536	0.760	
0.822	0.055	0.698	
0.000	0.000	0.000	
0.000	0.000	0.000	
0.375	0.877	0.341	
0.940	0.000	0.814	
0.910	0.778	0.788	
0.000	0.000	0.000	
0.000	0.000	0.000	
0.885	0.817	0.686	
0.000	0.000	0.000	
0.000	0.000	0.000	
0.000	0.000	0.000	
0.000	0.000	0.000	
0.000	0.000	0.000	
0.000	0.000	0.000	
0.000	0.000	0.000	
0.000	0.000	0.000	
0.000	0.000	0.000	
0.940	0.286	0.940	
0.900	0.771	0.477	
0.000	0.000	0.000	
0.000	0.000	0.000	
0.540	0.393	0.763	
0.748	0.086	0.648	
0.530	0.410	0.459	
0.966	0.966	0.733	
0.828	0.953	0.525	
0.966	0.845	0.966	
0.000	0.000	0.000	
0.838	0.751	0.725	
0.000	0.000	0.000	
0.000	0.000	0.000	
0.000	0.000	0.000	
0.754	0.754	0.116	
0.594	0.000	0.475	
0.195	0.169	0.169	
0.043	0.530	0.596	
0.355	0.258	0.450	
0.290	0.000	0.193	
0.000	0.000	0.000	
0.133	0.133	0.702	
0.072	0.455	0.606	
0.259	0.000	0.612	
0.240	0.259	0.359	
0.000	0.000	0.000	
0.360	0.000	0.421	
0.000	0.000	0.000	
0.000	0.000	0.000	
0.976	0.539	0.660	
0.225	0.106	0.122	
0.369	0.236	0.369	
0.254	0.465	0.321	
0.000	0.000	0.000	
0.113	0.443	0.159	
0.450	0.716	0.450	
0.208	0.217	0.235	
0.563	0.026	0.563	
0.263	0.080	0.133	
0.000	0.058	0.356	
0.532	0.532	0.054	
0.000	0.345	0.758	
0.731	0.712	0.731	
0.000	0.000	0.000	
0.197	0.417	0.373	
0.000	0.000	0.000	
0.000	0.000	0.000	
0.962	0.452	0.962	
0.000	0.000	0.000	
0.000	0.000	0.000	
0.000	0.000	0.000	
0.000	0.000	0.000	
0.000	0.000	0.000	
0.108	0.760	0.298	
0.000	0.000	0.000	
0.430	0.430	0.487	
0.000	0.950	0.950	
0.000	0.000	0.000	
0.000	0.000	0.000	
0.000	0.000	0.000	
0.000	0.000	0.000	
0.000	0.000	0.000	
0.389	0.389	0.989	
0.304	0.000	0.202	
0.277	0.277	0.000	
0.000	0.000	0.000	
0.000	0.000	0.000	
0.589	0.250	0.250	
0.224	0.189	1.000	
0.000	0.000	0.000	
0.891	0.891	0.000	
0.000	0.000	0.000	
0.000	0.000	0.000	
0.000	0.000	0.000	
0.000	0.000	0.000	
0.000	0.000	0.000	
0.000	0.000	0.000	
0.222	0.222	0.241	
0.783	0.783	0.959	
0.647	0.915	0.915	
0.629	0.889	0.516	
0.348	0.580	0.301	
0.000	0.000	0.000	
0.000	0.000	0.000	
0.135	0.625	0.469	
0.245	0.749	0.448	
0.000	0.000	0.000	
0.000	0.156	0.220	
0.531	0.269	0.686	
0.000	0.265	0.630	
0.785	0.572	0.606	
0.000	0.000	0.000	
0.358	0.757	0.785	
0.678	0.695	0.662	
0.401	0.641	0.448	
0.114	0.478	0.390	
0.262	0.202	0.262	
0.837	0.000	0.771	
0.489	0.318	0.309	
0.312	0.528	0.745	
0.463	0.652	0.716	
0.600	0.434	0.594	
0.481	0.288	0.449	
0.510	0.243	0.538	
0.000	0.000	0.000	
0.046	0.186	0.455	
0.000	0.000	0.000	
0.000	0.398	0.066	
0.225	0.496	0.631	
0.355	0.395	0.355	
0.000	0.000	0.000	
0.000	0.000	0.000	
0.000	0.000	0.000	
0.000	0.443	0.490	
0.161	0.348	0.334	
0.000	0.000	0.000	
0.041	0.000	0.594	
0.000	0.000	0.000	
0.000	0.000	0.000	
0.000	0.000	0.000	
0.000	0.000	0.000	
0.000	0.000	0.000	
0.000	0.000	0.000	
0.000	0.000	0.000	
0.000	0.000	0.000	
0.000	0.000	0.000	
0.000	0.000	0.000	
0.000	0.000	0.000	
0.000	0.000	0.000	
0.097	0.126	0.508	
0.000	0.000	0.000	
0.000	0.000	0.000	
0.000	0.000	0.000	
0.000	0.000	0.000	
0.888	0.618	0.000	
0.986	0.986	0.805	
0.393	0.043	0.719	
0.000	0.000	0.000	
0.330	0.594	0.594	
0.402	0.478	0.402	
0.000	0.000	0.000	
0.757	0.106	0.757	
0.486	0.420	0.499	
0.000	0.000	0.000	
0.000	0.000	0.000	
0.000	0.000	0.000	
0.000	0.000	0.000	
0.775	0.775	0.671	
0.507	0.169	0.507	
0.000	0.000	0.000	
0.172	0.000	0.246	
0.318	0.511	0.091	
0.000	0.000	0.000	
0.000	0.000	0.000	
0.000	0.000	0.000	
0.000	0.000	0.000	
0.769	0.769	0.311	
0.569	0.700	0.285	
0.164	0.431	0.356	
0.824	0.337	0.337	
0.000	0.000	0.000	
0.000	0.000	0.000	
0.822	0.336	0.336	
0.983	0.721	0.733	
0.676	0.193	0.000	
0.176	0.519	0.457	
0.000	0.000	0.000	
0.408	0.408	0.408	
0.000	0.000	0.000	
0.901	0.000	0.386	
0.000	0.000	0.000	
0.000	0.000	0.091	
0.000	0.000	0.000	
0.000	0.000	0.000	
0.770	0.837	0.000	
0.000	0.000	0.000	
0.000	0.000	0.000	
0.966	0.966	0.000	
0.000	0.000	0.000	
0.626	0.767	0.501	
0.000	0.000	0.000	
0.000	0.000	0.000	
0.000	0.000	0.000	
0.000	0.000	0.000	
0.000	0.000	0.000	
0.112	0.897	0.053	
0.000	0.000	0.000	
0.000	0.000	0.000	
0.000	0.000	0.000	
0.000	0.000	0.000	
0.000	0.000	0.000	
0.000	0.000	0.000	
0.447	0.000	0.000	
0.000	0.671	0.474	
0.000	0.000	0.000	
0.000	0.000	0.000	
0.408	0.000	0.333	
0.424	0.000	0.424	
0.453	0.453	0.032	
0.000	0.000	0.000	
0.000	0.000	0.000	
0.000	0.000	0.000	
0.735	0.000	0.141	
0.800	0.735	0.127	
0.800	0.000	0.141	
0.721	0.721	0.386	
0.000	0.410	0.000	
0.000	0.000	0.000	
0.000	0.000	0.000	
0.778	0.102	0.754	
0.345	0.915	0.332	
0.487	0.000	0.487	
0.295	0.000	0.322	
0.000	0.000	0.000	
0.129	0.184	0.210	
0.000	0.000	0.000	
0.482	0.482	0.643	
0.000	0.000	0.000	
0.000	0.000	0.000	
0.652	0.234	0.337	
0.967	0.432	0.580	
0.000	0.000	0.000	
0.000	0.000	0.000	
0.606	0.606	0.566	
0.251	0.502	0.735	
0.783	0.510	0.532	
0.000	0.000	0.000	
0.000	0.000	0.000	
0.289	0.531	0.050	
0.000	0.000	0.000	
0.413	0.839	0.207	
0.000	0.000	0.000	
0.155	0.745	0.898	
0.879	0.577	0.879	
0.000	0.000	0.000	
0.000	0.000	0.000	
0.000	0.000	0.000	
0.381	0.314	0.381	
0.000	0.000	0.000	
0.000	0.000	0.000	
0.979	0.000	0.979	
0.000	0.000	0.000	
0.000	0.000	0.000	
0.869	0.869	0.917	
0.285	0.402	0.793	
0.552	0.403	0.720	
0.000	0.000	0.000	
0.000	0.000	0.000	
0.000	0.000	0.000	
0.050	0.432	0.791	
0.062	0.447	0.784	
0.000	0.000	0.000	
0.664	0.000	0.664	
0.780	0.353	0.780	
0.000	0.000	0.000	
0.632	0.016	0.016	
0.000	0.000	0.000	
0.046	0.567	0.584	
0.468	0.395	0.523	
0.207	0.000	0.665	
0.652	0.457	0.712	
0.000	0.000	0.000	
0.604	0.000	0.604	
0.318	0.306	0.626	
0.177	0.190	0.571	
0.000	0.000	0.000	
0.242	0.186	0.496	
0.021	0.135	0.624	
0.707	0.633	0.707	
0.000	0.000	0.000	
0.000	0.000	0.000	
0.000	0.000	0.000	
0.000	0.000	0.000	
0.000	0.000	0.000	
0.912	0.334	0.912	
0.000	0.000	0.796	
0.000	0.000	0.000	
0.000	0.000	0.000	
0.000	0.000	0.000	
0.483	0.540	0.516	
0.000	0.000	0.000	
0.682	0.057	0.057	
0.073	0.854	0.854	
0.000	0.000	0.000	
0.920	0.694	0.920	
0.000	0.000	0.000	
0.000	0.000	0.000	
0.000	0.000	0.000	
0.000	0.000	0.000	
0.000	0.000	0.000	
0.000	0.000	0.000	
0.000	0.000	0.000	
0.577	0.263	0.595	
0.000	0.000	0.000	
0.000	0.000	0.000	
0.000	0.000	0.000	
0.153	0.010	0.850	
0.000	0.000	0.000	
0.000	0.000	0.000	
0.000	0.000	0.000	
0.392	0.942	0.942	
0.000	0.000	0.000	
0.401	0.801	0.801	
0.000	0.943	0.943	
0.000	0.000	0.000	
0.267	0.927	0.927	
0.000	0.000	0.000	
0.000	0.000	0.000	
0.000	0.000	0.000	
0.000	0.000	0.000	
0.000	0.000	0.000	
0.095	0.000	0.624	
0.257	0.206	0.327	
0.000	0.308	0.914	
0.523	0.839	0.769	
0.472	0.766	0.834	
0.406	0.000	0.406	
0.545	0.027	0.347	
0.505	0.032	0.000	
0.312	0.278	0.312	
0.870	0.616	0.667	
0.000	0.000	0.000	
0.000	0.000	0.000	
0.000	0.000	0.140	
0.000	0.000	0.000	
0.000	0.000	0.000	
0.000	0.000	0.000	
0.000	0.000	0.000	
0.304	0.152	0.231	
0.966	0.107	0.030	
0.000	0.000	0.000	
0.281	0.537	0.243	
0.000	0.000	0.000	
0.095	0.538	0.768	
0.713	0.667	0.277	
0.104	0.104	0.532	
0.508	0.904	0.904	
0.682	0.682	0.732	
0.000	0.000	0.000	
0.921	0.651	0.921	
0.000	0.809	0.991	
0.219	0.537	0.248	
0.000	0.000	0.000	
0.000	0.000	0.000	
0.278	0.703	0.160	
0.000	0.000	0.000	
0.000	0.000	0.000	
0.000	0.000	0.000	
0.000	0.000	0.000	
0.000	0.000	0.000	
0.000	0.000	0.000	
0.081	0.389	0.762	
0.000	0.000	0.000	
0.475	0.545	0.059	
0.802	0.658	0.729	
0.000	0.000	0.000	
0.346	0.346	0.805	
0.436	0.436	0.390	
0.000	0.000	0.000	
0.000	0.000	0.000	
0.981	0.901	0.895	
0.000	0.000	0.000	
0.000	0.000	0.000	
0.000	0.000	0.000	
0.000	0.000	0.000	
0.000	0.000	0.000	
0.000	0.000	0.000	
0.000	0.000	0.888	
0.000	0.000	0.000	
0.000	0.000	0.926	
0.034	0.034	0.935	
0.000	0.000	0.000	
0.000	0.000	0.000	
0.000	0.000	0.000	
0.441	0.441	0.006	
0.959	0.000	0.224	
0.000	0.000	0.000	
0.000	0.000	0.000	
0.425	0.483	0.733	
0.000	0.000	0.000	
0.035	0.282	0.906	
0.686	0.112	0.686	
0.000	0.000	0.000	
0.000	0.000	0.000	
0.000	0.000	0.000	
0.111	0.865	0.449	
0.000	0.000	0.000	
0.251	0.212	0.475	
0.000	0.000	0.000	
0.000	0.000	0.000	
0.539	0.847	0.847	
0.728	0.244	0.461	
0.098	0.000	0.594	
0.748	0.000	0.042	
0.084	0.084	0.505	
0.000	0.000	0.000	
0.000	0.000	0.000	
0.228	0.228	0.596	
0.000	0.000	0.000	
0.000	0.000	0.000	
0.000	0.000	0.000	
0.459	0.491	0.000	
0.000	0.000	0.000	
0.673	0.000	0.105	
0.000	0.000	0.000	
0.000	0.000	0.000	
0.000	0.000	0.000	
0.000	0.000	0.000	
0.000	0.324	0.000	
0.039	0.028	0.542	
0.518	0.235	0.791	
0.667	0.357	0.618	
0.465	0.230	0.322	
0.155	0.589	0.721	
0.067	0.611	0.806	
0.000	0.000	0.000	
0.278	0.000	0.505	
0.345	0.345	0.089	
0.000	0.000	0.000	
0.000	0.000	0.000	
0.148	0.148	0.121	
0.340	0.098	0.000	
0.210	0.251	0.743	
0.000	0.000	0.000	
0.648	0.424	0.173	
0.434	0.040	0.697	
0.595	0.595	0.614	
0.000	0.000	0.000	
0.390	0.000	0.354	
0.548	0.023	0.305	
0.221	0.192	0.192	
0.000	0.000	0.000	
0.000	0.000	0.000	
0.000	0.000	0.000	
0.000	0.000	0.000	
0.000	0.000	0.000	
0.000	0.000	0.000	
0.017	0.942	0.942	
0.000	0.000	0.000	
0.805	0.569	0.888	
0.000	0.000	0.000	
0.698	0.698	0.220	
0.830	0.415	0.000	
0.070	0.783	0.783	
0.785	0.785	0.060	
0.054	0.000	0.899	
0.034	0.048	0.410	
0.000	0.000	0.000	
0.000	0.000	0.000	
0.000	0.000	0.000	
0.220	0.108	0.108	
0.057	0.817	0.906	
0.000	0.000	0.000	
0.736	0.000	0.189	
0.000	0.000	0.000	
0.000	0.000	0.000	
0.000	0.000	0.000	
0.000	0.000	0.000	
0.000	0.000	0.000	
0.000	0.000	0.000	
0.000	0.000	0.000	
0.854	0.255	0.854	
0.924	0.795	0.924	
0.000	0.000	0.000	
0.813	0.310	0.380	
0.000	0.000	0.000	
0.407	0.332	0.332	
0.000	0.000	0.000	
0.577	0.424	0.566	
0.000	0.000	0.000	
0.000	0.000	0.000	
0.000	0.000	0.000	
0.000	0.000	0.000	
0.320	0.385	0.320	
0.000	0.000	0.000	
0.707	0.707	0.312	
0.354	0.136	0.210	
0.865	0.361	0.432	
0.653	0.553	0.624	
0.000	0.000	0.000	
0.000	0.000	0.000	
0.000	0.000	0.000	
0.000	0.000	0.000	
0.000	0.000	0.000	
0.000	0.000	0.000	
0.559	0.277	0.194	
0.000	0.000	0.000	
0.098	0.925	0.654	
0.962	0.176	0.962	
0.000	0.000	0.000	
0.272	0.192	0.408	
0.991	0.000	0.859	
0.000	0.000	0.000	
0.103	0.060	0.156	
0.405	0.787	0.574	
0.727	0.727	0.000	
0.022	0.022	0.020	
0.000	0.803	0.694	
0.354	0.354	0.625	
0.000	0.000	0.000	
0.740	0.740	0.342	
0.712	0.712	0.237	
0.000	0.000	0.000	
0.987	0.662	0.987	
0.993	0.000	0.888	
0.000	0.554	0.921	
0.000	0.000	0.000	
0.000	0.000	0.000	
0.477	0.448	0.551	
0.602	0.153	0.945	
0.708	0.658	0.965	
0.790	0.728	0.942	
0.000	0.000	0.000	
0.617	0.456	0.690	
0.000	0.000	0.187	
0.000	0.000	0.000	
0.000	0.000	0.000	
0.000	0.000	0.000	
0.000	0.000	0.000	
0.391	0.131	0.525	
0.000	0.049	0.578	
0.250	0.000	0.462	
0.000	0.000	0.000	
0.283	0.837	0.492	
0.000	0.899	0.899	
0.507	0.598	0.085	
0.602	0.466	0.653	
0.000	0.000	0.805	
0.000	0.295	0.708	
0.362	0.000	0.814	
0.773	0.000	0.844	
0.000	0.000	0.000	
0.000	0.000	0.000	
0.651	0.337	0.447	
0.000	0.000	0.000	
0.000	0.000	0.000	
0.493	0.356	0.774	
0.000	0.000	0.000	
0.331	0.039	0.731	
0.132	0.000	0.578	
0.000	0.000	0.000	
0.000	0.000	0.000	
0.000	0.000	0.000	
0.000	0.000	0.000	
0.718	0.282	0.282	
0.264	0.264	0.616	
0.267	0.074	0.681	
0.000	0.000	0.000	
0.000	0.000	0.000	
0.000	0.000	0.000	
0.000	0.000	0.000	
0.351	0.721	0.403	
0.706	0.624	0.302	
0.691	0.501	0.497	
0.000	0.000	0.000	
0.651	0.477	0.249	
0.271	0.442	0.383	
0.308	0.455	0.336	
0.000	0.000	0.000	
0.000	0.000	0.000	
0.000	0.000	0.000	
0.000	0.016	0.020	
0.000	0.000	0.000	
0.000	0.000	0.000	
0.000	0.000	0.000	
0.477	0.257	0.536	
0.724	0.323	0.358	
0.076	0.615	0.763	
0.615	0.509	0.509	
0.000	0.000	0.000	
0.000	0.000	0.000	
0.045	0.064	0.539	
0.634	0.634	0.141	
0.000	0.000	0.000	
0.000	0.000	0.000	
0.566	0.200	0.113	
0.468	0.573	0.408	
0.000	0.000	0.000	
0.823	0.324	0.823	
0.000	0.000	0.000	
0.000	0.000	0.000	
0.000	0.000	0.000	
0.413	0.000	0.625	
0.000	0.000	0.000	
0.000	0.000	0.000	
0.327	0.011	0.778	
0.445	0.398	0.490	
0.189	0.189	0.189	
0.970	0.819	0.970	
0.512	0.591	0.591	
0.256	0.323	0.256	
0.353	0.000	0.343	
0.000	0.414	0.951	
0.000	0.613	0.434	
0.000	0.000	0.000	
0.000	0.000	0.000	
0.000	0.000	0.000	
0.000	0.000	0.000	
0.000	0.000	0.000	
0.185	0.427	0.185	
0.000	0.000	0.000	
0.000	0.000	0.000	
0.000	0.000	0.000	
0.479	0.447	0.495	
0.000	0.000	0.000	
0.840	0.343	0.343	
0.000	0.000	0.000	
0.000	0.000	0.000	
0.913	0.736	0.200	
0.197	0.278	0.562	
0.000	0.000	0.000	
0.658	0.595	0.734	
0.000	0.000	0.000	
0.000	0.000	0.000	
0.088	0.644	0.265	
0.790	0.000	0.625	
0.000	0.000	0.000	
0.303	0.410	0.356	
0.000	0.000	0.000	
0.088	0.000	0.352	
0.000	0.000	0.000	
0.000	0.157	0.056	
0.000	0.600	0.600	
0.000	0.000	0.000	
0.000	0.000	0.000	
0.376	0.301	0.226	
0.430	0.033	0.860	
0.000	0.000	0.000	
0.235	0.116	0.235	
0.000	0.000	0.000	
0.000	0.000	0.000	
0.567	0.502	0.907	
0.631	0.430	0.631	
0.192	0.720	0.187	
0.000	0.000	0.000	
0.121	0.121	0.349	
0.330	0.000	0.327	
0.502	0.502	0.592	
0.627	0.588	0.627	
0.000	0.000	0.366	
0.479	0.585	0.479	
0.787	0.787	0.642	
0.000	0.000	0.000	
0.406	0.352	0.406	
0.000	0.000	0.000	
0.000	0.000	0.000	
0.000	0.000	0.000	
0.000	0.639	0.165	
0.424	0.111	0.233	
0.000	0.000	0.000	
0.000	0.000	0.000	
0.898	0.384	0.195	
0.913	0.656	0.875	
0.421	0.421	0.639	
0.000	0.000	0.000	
0.258	0.695	0.502	
0.000	0.000	0.000	
0.000	0.000	0.000	
0.000	0.000	0.000	
0.000	0.000	0.000	
0.000	0.000	0.000	
0.000	0.000	0.000	
0.000	0.000	0.000	
0.597	0.388	0.128	
0.000	0.000	0.000	
0.000	0.000	0.000	
0.000	0.000	0.000	
0.000	0.803	0.695	
0.000	0.000	0.000	
0.000	0.000	0.000	
0.289	0.289	0.289	
0.000	0.500	0.750	
0.828	0.397	0.626	
0.581	0.494	0.579	
0.000	0.000	0.000	
0.699	0.303	0.669	
0.805	0.381	0.747	
0.143	0.403	0.810	
0.526	0.000	0.614	
0.736	0.481	0.559	
0.194	0.000	0.071	
0.750	0.000	0.750	
0.000	0.000	0.000	
0.000	0.807	0.677	
0.172	0.172	0.000	
0.030	0.151	0.881	
0.000	0.484	0.229	
0.224	0.056	0.168	
0.041	0.349	0.071	
0.308	0.707	0.707	
0.160	0.618	0.160	
0.000	0.000	0.000	
0.000	0.113	0.113	
0.000	0.000	0.000	
0.081	0.711	0.804	
0.192	0.576	0.611	
0.260	0.260	0.327	
0.498	0.802	0.498	
0.277	0.805	0.175	
0.000	0.000	0.000	
0.000	0.000	0.000	
0.000	0.000	0.000	
0.824	0.337	0.291	
0.000	0.000	0.000	
0.000	0.000	0.000	
0.953	0.596	0.689	
0.000	0.000	0.000	
0.935	0.067	0.067	
0.000	0.000	0.000	
0.000	0.000	0.000	
0.000	0.000	0.000	
0.000	0.000	0.000	
0.000	0.000	0.000	
0.000	0.000	0.000	
0.000	0.000	0.000	
0.794	0.794	0.000	
0.000	0.000	0.000	
0.500	0.060	0.889	
0.089	0.089	0.759	
0.443	0.044	0.067	
0.825	0.337	0.337	
0.824	0.336	0.336	
0.000	0.000	0.000	
0.093	0.206	0.366	
0.000	0.000	0.000	
0.184	0.354	0.307	
0.000	0.092	0.280	
0.000	0.315	0.270	
0.355	0.435	0.532	
0.559	0.401	0.625	
0.319	0.191	0.798	
0.216	0.762	0.250	
0.000	0.000	0.000	
0.000	0.000	0.000	
0.373	0.517	0.503	
0.307	0.307	0.157	
0.384	0.133	0.805	
0.000	0.000	0.000	
0.000	0.000	0.000	
0.000	0.000	0.000	
0.000	0.000	0.000	
0.721	0.131	0.458	
0.000	0.000	0.000	
0.131	0.131	0.261	
0.000	0.000	0.000	
0.000	0.000	0.000	
0.261	0.261	0.565	
0.000	0.000	0.000	
0.000	0.000	0.000	
0.000	0.000	0.000	
0.000	0.507	0.523	
0.266	0.000	0.377	
0.000	0.632	0.000	
0.507	0.598	0.085	
0.000	0.000	0.000	
0.000	0.000	0.000	
0.631	0.631	0.271	
0.667	0.000	0.000	
0.181	0.871	0.871	
0.467	0.848	0.467	
0.866	0.866	0.671	
0.000	0.000	0.000	
0.345	0.868	0.730	
0.737	0.416	0.737	
0.989	0.989	0.648	
0.076	0.076	0.981	
0.916	0.464	0.402	
0.785	0.436	0.378	
0.341	0.535	0.550	
0.357	0.626	0.294	
0.000	0.000	0.000	
0.000	0.000	0.000	
0.000	0.000	0.000	
0.000	0.000	0.000	
0.703	0.703	0.124	
0.431	0.350	0.498	
0.784	0.309	0.441	
0.334	0.334	0.319	
0.442	0.442	0.313	
0.201	0.814	0.695	
0.362	0.000	0.400	
0.358	0.358	0.179	
0.000	0.000	0.000	
0.021	0.037	0.021	
0.000	0.000	0.000	
0.000	0.000	0.000	
0.000	0.000	0.000	
0.000	0.254	0.180	
0.293	0.228	0.268	
0.000	0.000	0.000	
0.000	0.000	0.000	
0.000	0.000	0.000	
0.000	0.000	0.000	
0.905	0.905	0.484	
0.999	0.261	0.999	
0.000	0.000	0.000	
0.000	0.000	0.000	
0.000	0.000	0.000	
0.223	0.223	0.817	
0.406	0.830	0.294	
0.312	0.540	0.352	
0.000	0.000	0.000	
0.240	0.148	0.120	
0.000	0.000	0.000	
0.000	0.000	0.000	
0.000	0.000	0.000	
0.672	0.651	0.276	
0.562	0.612	0.303	
0.019	0.817	0.432	
0.000	0.000	0.000	
0.000	0.000	0.000	
0.000	0.000	0.000	
0.000	0.000	0.000	
0.748	0.748	0.374	
0.000	0.000	0.000	
0.000	0.000	0.000	
0.000	0.000	0.000	
0.000	0.000	0.000	
0.000	0.000	0.000	
0.097	0.097	0.837	
0.396	0.396	0.418	
0.000	0.000	0.000	
0.000	0.000	0.000	
0.000	0.000	0.000	
0.000	0.000	0.000	
0.000	0.000	0.000	
0.000	0.000	0.000	
0.000	0.000	0.000	
0.912	0.912	0.141	
0.825	0.337	0.337	
0.000	0.000	0.000	
0.825	0.337	0.292	
0.999	0.337	0.292	
0.923	0.497	0.430	
0.000	0.000	0.000	
0.825	0.337	0.292	
0.821	0.341	0.295	
0.716	0.521	0.451	
0.825	0.337	0.292	
0.808	0.419	0.363	
0.986	0.785	0.374	
0.415	0.339	0.277	
0.987	0.364	0.315	
0.816	0.333	0.289	
0.799	0.373	0.323	
0.993	0.400	0.346	
0.849	0.346	0.300	
0.828	0.344	0.298	
0.726	0.516	0.447	
0.825	0.337	0.292	
0.998	0.368	0.319	
0.825	0.368	0.319	
0.987	0.426	0.369	
0.996	0.336	0.291	
0.942	0.363	0.315	
0.715	0.532	0.461	
0.293	0.422	0.293	
0.798	0.436	0.798	
0.528	0.488	0.915	
0.810	0.701	0.884	
0.771	0.605	0.922	
0.829	0.718	0.914	
0.757	0.656	0.918	
0.666	0.576	0.979	
0.679	0.588	0.973	
0.000	0.669	0.966	
0.695	0.695	0.952	
0.670	0.581	0.991	
0.523	0.523	0.944	
0.431	0.489	0.589	
0.000	0.000	0.000	
0.000	0.000	0.000	
0.811	0.000	0.000	
0.000	0.000	0.000	
0.998	0.596	0.998	
0.815	0.368	0.319	
0.833	0.346	0.300	
0.000	0.000	0.000	
0.000	0.000	0.000	
0.000	0.000	0.000	
0.000	0.753	0.000	
0.000	0.000	0.000	
0.000	0.000	0.000	
0.000	0.000	0.000	
0.809	0.572	0.054	
0.000	0.000	0.000	
0.000	0.000	0.551	
0.066	0.685	0.265	
0.541	0.513	0.383	
0.000	0.000	0.000	
0.579	0.971	0.687	
0.468	0.052	0.234	
0.170	0.492	0.388	
0.442	0.442	0.345	
0.000	0.000	0.000	
0.000	0.000	0.000	
0.265	0.454	0.817	
0.000	0.000	0.000	
0.000	0.000	0.000	
0.415	0.053	0.427	
0.000	0.000	0.000	
0.000	0.000	0.000	
0.937	0.583	0.765	
0.000	0.000	0.000	
0.452	0.452	0.685	
0.442	0.619	0.782	
0.221	0.234	0.287	
0.342	0.099	0.048	
0.770	0.553	0.459	
0.688	0.930	0.544	
0.000	0.000	0.000	
0.054	0.000	0.461	
0.605	0.000	0.605	
0.000	0.144	0.369	
0.000	0.377	0.267	
0.753	0.615	0.753	
0.000	0.000	0.000	
0.000	0.000	0.000	
0.000	0.000	0.000	
0.000	0.000	0.000	
0.000	0.000	0.000	
0.000	0.000	0.000	
0.000	0.000	0.000	
0.424	0.297	0.455	
0.000	0.000	0.000	
0.000	0.000	0.000	
0.000	0.000	0.000	
0.000	0.000	0.000	
0.051	0.508	0.000	
0.458	0.270	0.108	
0.000	0.000	0.000	
0.911	0.911	0.047	
0.710	0.000	0.710	
0.000	0.444	0.392	
0.738	0.325	0.690	
0.934	0.769	0.527	
0.994	0.023	0.823	
0.525	0.000	0.368	
0.000	0.000	0.000	
0.626	0.297	0.358	
0.000	0.000	0.000	
0.000	0.000	0.000	
0.134	0.426	0.735	
0.000	0.000	0.000	
0.987	0.550	0.987	
0.899	0.046	0.230	
0.308	0.563	0.834	
0.000	0.717	0.480	
0.233	0.233	0.323	
0.966	0.000	0.322	
0.000	0.000	0.000	
0.000	0.000	0.000	
0.000	0.000	0.000	
0.000	0.000	0.000	
0.000	0.000	0.000	
0.261	0.552	0.000	
0.000	0.000	0.000	
0.173	0.398	0.402	
0.000	0.000	0.000	
0.000	0.000	0.000	
0.000	0.000	0.000	
0.000	0.000	0.000	
0.000	0.000	0.000	
0.000	0.000	0.000	
0.000	0.000	0.000	
0.676	0.676	0.638	
0.000	0.000	0.000	
0.000	0.000	0.000	
0.000	0.000	0.000	
0.853	0.851	0.204	
0.000	0.000	0.000	
0.000	0.000	0.000	
0.142	0.061	0.000	
0.034	0.000	0.818	
0.828	0.000	0.828	
0.000	0.000	0.000	
0.196	0.196	0.832	
0.000	0.000	0.000	
0.340	0.453	0.240	
0.000	0.000	0.000	
0.000	0.000	0.000	
0.000	0.000	0.000	
0.000	0.000	0.000	
0.000	0.000	0.000	
0.815	0.508	0.683	
0.325	0.374	0.716	
0.591	0.381	0.474	
0.103	0.000	0.896	
0.000	0.000	0.000	
0.325	0.463	0.816	
0.869	0.258	0.818	
0.000	0.000	0.000	
0.000	0.000	0.000	
0.581	0.452	0.411	
0.066	0.000	0.496	
0.440	0.619	0.861	
0.000	0.000	0.000	
0.000	0.000	0.000	
0.000	0.000	0.000	
0.548	0.271	0.274	
0.593	0.547	0.452	
0.116	0.116	0.521	
0.000	0.000	0.000	
0.000	0.000	0.000	
0.000	0.000	0.000	
0.505	0.649	0.044	
0.166	0.387	0.274	
0.130	0.113	0.455	
0.000	0.000	0.000	
0.797	0.433	0.797	
0.761	0.761	0.826	
0.838	0.838	0.823	
0.833	0.833	0.836	
0.730	0.730	0.752	
0.793	0.793	0.805	
0.000	0.000	0.000	
0.308	0.308	0.426	
0.000	0.000	0.000	
0.000	0.000	0.000	
0.500	0.866	0.000	
0.000	0.000	0.000	
0.420	0.376	0.322	
0.037	0.547	0.297	
0.000	0.000	0.000	
0.000	0.000	0.000	
0.000	0.000	0.000	
0.656	0.413	0.413	
0.067	0.135	0.000	
0.809	0.000	0.850	
0.973	0.854	0.973	
0.000	0.000	0.000	
0.016	0.448	0.000	
0.000	0.000	0.000	
0.000	0.000	0.000	
0.000	0.000	0.000	
0.000	0.000	0.000	
0.000	0.000	0.000	
0.000	0.000	0.000	
0.974	0.331	0.353	
0.000	0.000	0.000	
0.000	0.000	0.000	
0.507	0.598	0.085	
0.000	0.000	0.000	
0.825	0.883	0.450	
0.000	0.000	0.000	
0.173	0.173	0.577	
0.792	0.000	0.560	
0.380	0.000	0.353	
0.270	0.852	0.221	
0.732	0.294	0.732	
0.000	0.000	0.000	
0.000	0.000	0.000	
0.728	0.097	0.295	
0.000	0.000	0.000	
0.000	0.000	0.000	
0.000	0.000	0.000	
0.733	0.944	0.714	
0.717	0.527	0.956	
0.685	0.356	0.747	
0.000	0.000	0.000	
0.412	0.165	0.412	
0.000	0.000	0.000	
0.386	0.260	0.193	
0.318	0.147	0.139	
0.212	0.104	0.104	
0.365	0.323	0.548	
0.792	0.119	0.281	
0.000	0.000	0.000	
0.000	0.000	0.000	
0.936	0.047	0.936	
0.000	0.000	0.000	
0.471	0.628	0.470	
0.000	0.000	0.000	
0.000	0.000	0.000	
0.766	0.766	0.192	
0.202	0.202	0.356	
0.300	0.300	0.413	
0.661	0.127	0.504	
0.000	0.000	0.000	
0.347	0.175	0.613	
0.537	0.537	0.827	
0.634	0.634	0.790	
0.000	0.000	0.000	
0.245	0.489	0.862	
0.000	0.000	0.000	
0.085	0.720	0.475	
0.000	0.000	0.000	
0.172	0.345	0.135	
0.000	0.000	0.000	
0.091	0.091	0.786	
0.000	0.000	0.000	
0.427	0.427	0.720	
0.809	0.018	0.809	
0.456	0.524	0.524	
0.418	0.343	0.181	
0.603	0.603	0.155	
0.217	0.767	0.217	
0.000	0.000	0.000	
0.000	0.000	0.000	
0.541	0.197	0.483	
0.000	0.443	0.116	
0.043	0.381	0.128	
0.000	0.000	0.000	
0.000	0.000	0.000	
0.000	0.585	0.733	
0.710	0.379	0.710	
0.395	0.443	0.395	
0.720	0.692	0.720	
0.000	0.000	0.000	
0.000	0.000	0.000	
0.668	0.046	0.715	
0.412	0.796	0.607	
0.365	0.625	0.810	
0.000	0.000	0.000	
0.000	0.162	0.646	
0.000	0.000	0.000	
0.476	0.617	0.837	
0.440	0.031	0.597	
0.000	0.000	0.000	
0.000	0.000	0.000	
0.796	0.000	0.000	
0.000	0.000	0.000	
0.000	0.000	0.000	
0.000	0.000	0.000	
0.518	0.580	0.518	
0.000	0.000	0.000	
0.159	0.073	0.063	
0.000	0.000	0.000	
0.000	0.000	0.000	
0.459	0.464	0.229	
0.000	0.000	0.000	
0.941	0.311	0.078	
0.000	0.000	0.000	
0.882	0.398	0.882	
0.803	0.709	0.904	
0.000	0.000	0.000	
0.000	0.000	0.000	
0.000	0.000	0.000	
0.192	0.192	0.333	
0.213	0.226	0.000	
0.601	0.601	0.260	
0.000	0.000	0.000	
0.640	0.131	0.113	
0.266	0.656	0.000	
0.824	0.328	0.847	
0.000	0.000	0.000	
0.954	0.676	0.954	
0.000	0.000	0.000	
0.909	0.000	0.909	
0.000	0.000	0.000	
0.000	0.000	0.000	
0.000	0.000	0.000	
0.000	0.000	0.000	
0.000	0.000	0.000	
0.814	0.298	0.641	
0.804	0.492	0.210	
0.853	0.633	0.697	
0.211	0.522	0.522	
0.000	0.000	0.000	
0.000	0.077	0.000	
0.666	0.100	0.000	
0.171	0.652	0.231	
0.000	0.000	0.000	
0.000	0.000	0.000	
0.000	0.449	0.381	
0.000	0.000	0.000	
0.738	0.738	0.710	
0.000	0.000	0.000	
0.696	0.633	0.696	
0.160	0.131	0.160	
0.000	0.000	0.000	
0.717	0.019	0.953	
0.506	0.344	0.413	
0.345	0.388	0.368	
0.478	0.290	0.478	
0.000	0.000	0.000	
0.742	0.531	0.708	
0.653	0.084	0.375	
0.000	0.000	0.000	
0.381	0.954	0.954	
0.000	0.000	0.000	
0.000	0.000	0.000	
0.840	0.349	0.323	
0.843	0.344	0.344	
0.000	0.000	0.000	
0.000	0.000	0.000	
0.000	0.000	0.000	
0.000	0.000	0.000	
0.000	0.000	0.000	
0.000	0.000	0.000	
0.200	0.200	0.800	
0.000	0.000	0.000	
0.000	0.000	0.000	
0.186	0.883	0.691	
0.000	0.000	0.000	
0.000	0.000	0.000	
0.000	0.000	0.000	
0.000	0.000	0.000	
0.000	0.000	0.000	
0.722	0.396	0.722	
0.516	0.516	0.557	
0.572	0.057	0.515	
0.000	0.000	0.000	
0.394	0.714	0.260	
0.891	0.920	0.796	
0.210	0.162	0.210	
0.604	0.709	0.167	
0.000	0.000	0.000	
0.665	0.348	0.321	
0.501	0.501	0.405	
0.572	0.058	0.510	
0.000	0.000	0.000	
0.858	0.230	0.798	
0.000	0.000	0.000	
0.160	0.515	0.739	
0.000	0.000	0.000	
0.000	0.000	0.000	
0.000	0.000	0.000	
0.903	0.820	0.903	
0.605	0.233	0.700	
0.795	0.459	0.689	
0.000	0.000	0.000	
0.821	0.316	0.316	
0.839	0.088	0.000	
0.026	0.090	0.378	
0.000	0.000	0.000	
0.000	0.000	0.000	
0.000	0.000	0.000	
0.000	0.000	0.000	
0.702	0.323	0.356	
0.024	0.000	0.170	
0.000	0.912	0.662	
0.838	0.783	0.570	
0.813	0.746	0.805	
0.288	0.474	0.671	
0.606	0.110	0.386	
0.690	0.419	0.690	
0.057	0.080	0.000	
0.000	0.000	0.000	
0.000	0.000	0.000	
0.000	0.000	0.000	
0.303	0.853	0.152	
0.000	0.000	0.000	
0.216	0.351	0.216	
0.000	0.000	0.000	
0.000	0.000	0.000	
0.000	0.000	0.000	
0.000	0.000	0.000	
0.000	0.000	0.000	
0.000	0.000	0.000	
0.000	0.000	0.000	
0.000	0.000	0.000	
0.000	0.000	0.000	
0.927	0.092	0.130	
0.560	0.054	0.407	
0.000	0.000	0.000	
0.183	0.183	0.583	
0.607	0.048	0.144	
0.288	0.111	0.352	
0.426	0.116	0.247	
0.778	0.257	0.257	
0.000	0.000	0.000	
0.364	0.046	0.193	
0.000	0.389	0.286	
0.871	0.058	0.078	
0.000	0.000	0.881	
0.743	0.629	0.830	
0.715	0.697	0.769	
0.000	0.000	0.000	
0.000	0.000	0.000	
0.000	0.000	0.000	
0.000	0.000	0.000	
0.000	0.000	0.000	
0.000	0.000	0.000	
0.000	0.000	0.000	
0.000	0.000	0.000	
0.000	0.000	0.000	
0.000	0.000	0.000	
0.000	0.000	0.000	
0.000	0.000	0.000	
0.000	0.000	0.000	
0.000	0.000	0.000	
0.000	0.000	0.000	
0.000	0.816	0.000	
0.000	0.000	0.000	
0.000	0.000	0.000	
0.790	0.049	0.663	
0.583	0.912	0.583	
0.000	0.000	0.000	
0.141	0.422	0.546	
0.757	0.000	0.317	
0.468	0.468	0.705	
0.000	0.000	0.000	
0.335	0.749	0.799	
0.403	0.606	0.865	
0.000	0.000	0.000	
0.000	0.000	0.000	
0.440	0.421	0.085	
0.000	0.000	0.000	
0.000	0.000	0.000	
0.000	0.000	0.000	
0.000	0.000	0.000	
0.000	0.000	0.000	
0.000	0.000	0.000	
0.000	0.000	0.000	
0.000	0.000	0.000	
0.000	0.306	0.678	
0.000	0.000	0.000	
0.000	0.000	0.000	
0.000	0.000	0.000	
0.000	0.000	0.000	
0.000	0.000	0.000	
0.000	0.000	0.000	
0.148	0.661	0.709	
0.000	0.000	0.000	
0.000	0.000	0.000	
0.000	0.000	0.000	
0.000	0.000	0.000	
0.075	0.354	0.778	
0.980	0.252	0.980	
0.000	0.000	0.000	
0.000	0.000	0.000	
0.000	0.000	0.000	
0.369	0.369	0.571	
0.811	0.054	0.459	
0.000	0.000	0.000	
0.444	0.444	0.544	
0.000	0.000	0.000	
0.000	0.000	0.000	
0.000	0.000	0.000	
0.088	0.088	0.016	
0.117	0.184	0.117	
0.656	0.339	0.656	
0.035	0.035	0.766	
0.176	0.151	0.881	
0.366	0.382	0.366	
0.045	0.111	0.637	
0.000	0.570	0.725	
0.827	0.104	0.439	
0.395	0.080	0.080	
0.000	0.000	0.000	
0.000	0.000	0.000	
0.808	0.974	0.974	
0.561	0.561	0.314	
0.000	0.000	0.000	
0.000	0.486	0.842	
0.000	0.000	0.000	
0.000	0.000	0.000	
0.000	0.000	0.000	
0.514	0.105	0.000	
0.000	0.000	0.000	
0.000	0.000	0.000	
0.000	0.000	0.000	
0.000	0.000	0.000	
0.000	0.000	0.000	
0.000	0.000	0.000	
0.000	0.000	0.000	
0.727	0.830	0.824	
0.000	0.000	0.000	
0.799	0.046	0.000	
0.873	0.019	0.873	
0.080	0.749	0.941	
0.000	0.344	0.430	
0.000	0.000	0.000	
0.322	0.322	0.186	
0.000	0.000	0.000	
0.389	0.389	0.748	
0.000	0.000	0.000	
0.918	0.152	0.918	
0.000	0.000	0.000	
0.647	0.647	0.582	
0.000	0.000	0.000	
0.000	0.000	0.000	
0.506	0.919	0.286	
0.000	0.000	0.000	
0.000	0.000	0.000	
0.000	0.000	0.000	
0.136	0.136	0.497	
0.000	0.000	0.000	
0.000	0.000	0.000	
0.000	0.000	0.000	
0.000	0.000	0.000	
0.416	0.277	0.000	
0.000	0.000	0.000	
0.329	0.966	0.623	
0.000	0.000	0.000	
0.000	0.000	0.000	
0.000	0.000	0.000	
0.000	0.000	0.000	
0.000	0.000	0.000	
0.000	0.000	0.000	
0.000	0.000	0.000	
0.000	0.714	0.223	
0.978	0.978	0.884	
0.172	0.172	0.172	
0.000	0.000	0.000	
0.000	0.000	0.000	
0.000	0.000	0.000	
0.354	0.000	1.000	
0.000	0.000	0.000	
0.180	0.748	0.748	
0.000	0.000	0.000	
0.000	0.000	0.000	
0.760	0.796	0.671	
0.276	0.481	0.481	
0.000	0.000	0.000	
0.000	0.000	0.000	
0.000	0.000	0.000	
0.121	0.372	0.402	
0.284	0.057	0.147	
0.777	0.777	0.360	
0.319	0.553	0.079	
0.794	0.314	0.183	
0.503	0.436	0.028	
0.707	0.059	0.030	
0.330	0.321	0.286	
0.024	0.545	0.596	
0.395	0.388	0.581	
0.572	0.680	0.589	
0.000	0.000	0.000	
0.140	0.104	0.580	
0.060	0.568	0.327	
0.000	0.000	0.000	
0.044	0.044	0.102	
0.252	0.252	0.000	
0.000	0.000	0.000	
0.000	0.000	0.000	
0.000	0.000	0.000	
0.822	0.822	0.712	
0.448	0.555	0.388	
0.000	0.000	0.000	
0.072	0.442	0.000	
0.000	0.000	0.000	
0.589	0.589	0.265	
0.000	0.000	0.000	
0.475	0.317	0.475	
0.114	0.000	0.444	
0.583	0.583	0.630	
0.000	0.000	0.000	
0.000	0.000	0.000	
0.000	0.000	0.000	
0.000	0.000	0.000	
0.000	0.000	0.000	
0.000	0.707	0.306	
0.858	0.808	0.858	
0.000	0.000	0.000	
0.000	0.000	0.000	
0.606	0.879	0.733	
0.165	0.742	0.742	
0.739	0.249	0.276	
0.699	0.168	0.458	
0.639	0.284	0.284	
0.628	0.295	0.052	
0.000	0.000	0.000	
0.524	0.033	0.370	
0.000	0.000	0.000	
0.000	0.000	0.000	
0.732	0.732	0.338	
0.000	0.000	0.000	
0.000	0.000	0.000	
0.483	0.366	0.591	
0.000	0.000	0.000	
0.000	0.000	0.000	
0.000	0.000	0.000	
0.962	0.081	0.962	
0.804	0.500	0.036	
0.968	0.968	0.288	
0.986	0.505	0.986	
0.000	0.000	0.000	
0.000	0.000	0.000	
0.000	0.000	0.000	
0.075	0.563	0.537	
0.000	0.000	0.000	
0.826	0.337	0.312	
0.742	0.000	0.742	
0.000	0.000	0.000	
0.000	0.000	0.000	
0.000	0.000	0.000	
0.000	0.000	0.000	
0.000	0.000	0.000	
0.389	0.000	0.389	
0.000	0.000	0.000	
0.000	0.000	0.000	
0.737	0.301	0.452	
0.000	0.000	0.000	
0.683	0.591	0.755	
0.000	0.000	0.000	
0.000	0.170	0.170	
0.598	0.000	0.784	
0.000	0.000	0.000	
0.000	0.000	0.000	
0.095	0.095	0.270	
1.000	0.816	1.000	
0.000	0.000	0.000	
0.000	0.000	0.000	
0.000	0.000	0.000	
0.000	0.000	0.000	
0.385	0.039	0.885	
0.000	0.000	0.000	
0.000	0.000	0.000	
0.723	0.385	0.681	
0.000	0.000	0.000	
0.732	0.732	0.886	
0.000	0.000	0.000	
0.000	0.000	0.000	
0.000	0.000	0.000	
0.000	0.000	0.000	
0.000	0.000	0.000	
0.000	0.000	0.000	
0.000	0.000	0.000	
0.000	0.000	0.000	
0.000	0.000	0.000	
0.964	0.566	0.964	
0.000	0.000	0.000	
0.000	0.000	0.000	
0.681	0.542	0.470	
0.728	0.511	0.443	
1.000	0.333	0.289	
0.813	0.332	0.575	
0.000	0.000	0.000	
0.000	0.000	0.000	
0.000	0.000	0.000	
0.000	0.000	0.000	
0.000	0.000	0.000	
0.000	0.000	0.000	
0.000	0.000	0.000	
0.000	0.000	0.000	
0.000	0.000	0.000	
0.000	0.000	0.000	
0.000	0.000	0.000	
0.066	0.108	0.953	
0.000	0.000	0.000	
0.000	0.000	0.000	
0.000	0.000	0.000	
0.752	0.330	0.752	
0.000	0.000	0.000	
0.710	0.082	0.710	
0.631	0.135	0.415	
0.000	0.000	0.000	
0.581	0.298	0.314	
0.000	0.000	0.000	
0.000	0.000	0.000	
0.000	0.000	0.000	
0.000	0.000	0.000	
0.000	0.000	0.000	
0.000	0.492	0.492	
0.221	0.044	0.750	
0.000	0.000	0.000	
0.000	0.000	0.000	
0.000	0.000	0.000	
0.000	0.000	0.000	
0.298	0.298	0.224	
0.981	0.981	0.580	
0.000	0.000	0.000	
0.000	0.000	0.000	
0.268	0.272	0.346	
0.000	0.000	0.000	
0.000	0.000	0.000	
0.887	0.370	0.887	
0.000	0.000	0.000	
0.000	0.000	0.000	
0.159	0.159	0.195	
0.499	0.499	0.593	
0.673	0.000	0.195	
0.453	0.679	0.623	
0.000	0.000	0.000	
0.000	0.000	0.000	
0.598	0.535	0.014	
0.368	0.120	0.436	
0.301	0.121	0.494	
0.000	0.000	0.000	
0.000	0.000	0.000	
0.829	0.609	0.509	
0.000	0.000	0.000	
0.953	0.811	0.837	
0.000	0.000	0.000	
0.000	0.000	0.857	
0.000	0.000	0.000	
0.000	0.000	0.000	
0.000	0.000	0.000	
0.000	0.000	0.000	
0.000	0.000	0.000	
0.053	0.053	0.882	
0.000	0.000	0.000	
0.500	0.783	0.650	
0.000	0.000	0.000	
0.000	0.000	0.000	
0.000	0.000	0.000	
0.000	0.000	0.000	
0.000	0.000	0.000	
0.995	0.862	0.995	
0.000	0.000	0.000	
0.000	0.000	0.000	
0.000	0.000	0.000	
0.000	0.000	0.000	
0.000	0.000	0.000	
0.662	0.000	0.662	
0.000	0.000	0.000	
0.000	0.000	0.000	
0.994	0.025	0.994	
0.000	0.306	0.306	
0.267	0.400	0.267	
0.000	0.000	0.000	
0.000	0.000	0.000	
0.000	0.000	0.000	
0.508	0.113	0.429	
0.857	0.151	0.778	
0.590	0.000	0.104	
0.565	0.565	0.437	
0.653	0.691	0.755	
0.000	0.000	0.000	
0.000	0.000	0.000	
0.655	0.495	0.655	
0.581	0.605	0.354	
0.000	0.000	0.000	
0.000	0.000	0.000	
0.629	0.519	0.515	
0.034	0.579	0.649	
0.763	0.000	0.043	
0.405	0.534	0.174	
0.000	0.000	0.000	
0.172	0.442	0.604	
0.610	0.736	0.565	
0.741	0.275	0.492	
0.257	0.716	0.517	
0.116	0.346	0.346	
0.169	0.065	0.225	
0.000	0.000	0.000	
0.866	0.489	0.612	
0.370	0.540	0.918	
0.407	0.691	0.691	
0.567	0.000	0.611	
0.000	0.000	0.000	
0.898	0.561	0.866	
0.000	0.000	0.000	
0.000	0.000	0.000	
0.581	0.556	0.171	
0.501	0.501	0.759	
0.879	0.000	0.442	
0.000	0.000	0.000	
0.000	0.000	0.000	
0.593	0.038	0.593	
0.752	0.252	0.504	
0.000	0.000	0.000	
0.660	0.356	0.712	
0.000	0.000	0.000	
0.000	0.000	0.000	
0.000	0.000	0.000	
0.671	0.671	0.705	
0.000	0.000	0.000	
0.705	0.193	0.353	
0.739	0.759	0.759	
0.000	0.000	0.254	
0.000	0.000	0.000	
0.000	0.000	0.000	
0.000	0.000	0.000	
0.000	0.000	0.000	
0.129	0.026	0.119	
0.281	0.100	0.281	
0.000	0.000	0.000	
0.000	0.000	0.000	
0.000	0.000	0.000	
0.000	0.000	0.000	
0.415	0.191	0.689	
0.000	0.000	0.000	
0.000	0.000	0.000	
0.906	0.906	0.728	
0.328	0.421	0.507	
0.790	0.398	0.533	
0.000	0.000	0.000	
0.298	0.298	0.606	
0.000	0.000	0.000	
0.000	0.000	0.000	
0.000	0.000	0.000	
0.000	0.505	0.070	
0.000	0.000	0.000	
0.521	0.362	0.422	
0.977	0.545	0.697	
0.000	0.000	0.000	
0.000	0.000	0.000	
0.544	0.906	0.929	
0.893	0.841	0.680	
0.000	0.000	0.000	
0.000	0.000	0.000	
0.118	0.510	0.374	
0.993	0.038	0.010	
0.386	0.386	0.244	
0.000	0.000	0.000	
0.000	0.000	0.000	
0.125	0.620	0.443	
0.887	0.768	0.887	
0.000	0.000	0.000	
0.685	0.085	0.685	
0.000	0.000	0.000	
0.895	0.212	0.895	
0.000	0.000	0.000	
0.000	0.000	0.000	
0.000	0.000	0.000	
0.024	0.024	0.000	
0.440	0.549	0.725	
0.000	0.000	0.000	
0.966	0.054	0.054	
0.690	0.467	0.330	
0.000	0.000	0.000	
0.460	0.460	0.479	
0.000	0.000	0.000	
0.917	0.648	0.000	
0.364	0.280	0.000	
0.000	0.432	0.249	
0.000	0.000	0.000	
0.000	0.000	0.000	
0.000	0.000	0.000	
0.556	0.681	0.681	
0.000	0.000	0.000	
0.000	0.000	0.000	
0.000	0.000	0.000	
0.656	0.656	0.758	
0.000	0.000	0.000	
0.704	0.342	0.537	
0.899	0.534	0.462	
0.000	0.000	0.000	
0.000	0.000	0.000	
0.000	0.000	0.000	
0.000	0.000	0.000	
0.000	0.000	0.000	
0.466	0.329	0.466	
0.586	0.717	0.519	
0.782	0.505	0.905	
0.624	0.624	0.390	
0.425	0.425	0.106	
0.783	0.825	0.639	
0.251	0.179	0.254	
0.257	0.150	0.318	
0.501	0.414	0.302	
0.000	0.000	0.000	
0.688	0.578	0.354	
0.000	0.000	0.000	
0.000	0.000	0.000	
0.000	0.000	0.000	
0.000	0.000	0.000	
0.816	0.333	0.333	
0.000	0.000	0.000	
0.825	0.337	0.312	
0.824	0.336	0.336	
0.000	0.000	0.000	
0.414	0.597	0.597	
0.000	0.000	0.000	
0.000	0.000	0.000	
0.519	0.157	0.519	
0.076	0.076	0.215	
0.000	0.000	0.000	
0.189	0.139	0.164	
0.854	0.697	0.604	
0.000	0.000	0.000	
0.000	0.000	0.000	
0.000	0.000	0.000	
0.000	0.000	0.000	
0.000	0.000	0.000	
0.315	0.297	0.577	
0.000	0.000	0.000	
0.000	0.413	0.163	
0.438	0.078	0.351	
0.000	0.684	0.343	
0.463	0.000	0.293	
0.024	0.236	0.168	
0.000	0.000	0.000	
0.374	0.280	0.512	
0.694	0.663	0.692	
0.414	0.435	0.725	
0.416	0.405	0.657	
0.000	0.000	0.000	
0.461	0.656	0.656	
0.325	0.325	0.153	
0.000	0.000	0.000	
0.000	0.000	0.000	
0.000	0.000	0.000	
0.000	0.000	0.000	
0.000	0.000	0.000	
0.689	0.585	0.740	
0.910	0.163	0.859	
0.000	0.000	0.000	
0.000	0.000	0.000	
0.000	0.000	0.000	
0.000	0.000	0.000	
0.615	0.377	0.109	
0.000	0.055	0.553	
0.000	0.000	0.000	
0.794	0.000	0.133	
0.000	0.000	0.000	
0.000	0.000	0.000	
0.000	0.799	0.000	
0.838	0.000	0.652	
0.000	0.000	0.000	
0.000	0.000	0.000	
0.000	0.000	0.000	
0.000	0.000	0.000	
0.550	0.000	0.550	
0.605	0.000	0.756	
0.768	0.256	0.768	
0.793	0.714	0.365	
0.763	0.456	0.614	
0.000	0.000	0.000	
0.000	0.000	0.000	
0.609	0.393	0.430	
0.479	0.441	0.865	
0.000	0.000	0.000	
0.843	0.885	0.024	
0.000	0.000	0.000	
0.000	0.000	0.000	
0.000	0.000	0.000	
0.000	0.000	0.000	
0.000	0.000	0.000	
0.582	0.946	0.109	
0.342	0.000	0.300	
0.450	0.045	0.899	
1.000	0.000	0.000	
0.000	0.000	0.000	
0.664	0.383	0.268	
0.301	0.390	0.126	
0.832	0.480	0.000	
0.262	0.464	0.131	
0.000	0.000	0.000	
0.000	0.000	0.000	
0.490	0.272	0.675	
0.000	0.000	0.000	
0.000	0.000	0.000	
0.240	0.277	0.615	
0.554	0.427	0.675	
0.000	0.000	0.000	
0.481	0.481	0.423	
0.853	0.511	0.853	
0.340	0.000	0.240	
0.340	0.453	0.240	
0.000	0.640	0.626	
0.287	0.709	0.496	
0.000	0.586	0.879	
0.000	0.000	0.000	
0.000	0.000	0.000	
0.000	0.000	0.000	
0.347	0.687	0.785	
0.698	0.199	0.282	
0.038	0.257	0.115	
0.419	0.561	0.800	
0.580	0.580	0.227	
0.408	0.250	0.334	
0.376	0.751	0.000	
0.000	0.000	0.000	
0.000	0.000	0.000	
0.000	0.000	0.000	
0.000	0.000	0.000	
0.000	0.000	0.000	
0.720	0.000	0.000	
0.652	0.272	0.652	
0.192	0.209	0.753	
0.584	0.259	0.431	
0.625	0.136	0.440	
0.780	0.131	0.376	
0.777	0.465	0.777	
0.000	0.000	0.000	
0.453	0.084	0.283	
0.429	0.096	0.257	
0.555	0.320	0.461	
0.825	0.218	0.356	
0.000	0.000	0.000	
0.394	0.000	0.741	
0.000	0.000	0.000	
0.289	0.727	0.836	
0.392	0.392	0.686	
0.633	0.868	0.753	
0.550	0.234	0.156	
0.031	0.269	0.739	
0.000	0.000	0.000	
0.171	0.302	0.302	
0.000	0.000	0.000	
0.664	0.754	0.754	
0.415	0.085	0.195	
0.000	0.000	0.000	
0.000	0.000	0.000	
0.547	0.547	0.037	
0.916	0.420	0.094	
0.374	0.457	0.352	
0.766	0.025	0.129	
0.632	0.000	0.000	
0.000	0.000	0.000	
0.632	0.456	0.112	
0.000	0.000	0.000	
0.130	0.000	0.130	
0.000	0.000	0.000	
0.000	0.000	0.000	
0.654	0.654	0.000	
0.631	0.270	0.000	
0.382	0.270	0.361	
0.438	0.376	0.793	
0.000	0.000	0.000	
0.182	0.621	0.742	
0.000	0.000	0.000	
0.347	0.000	0.000	
0.000	0.000	0.000	
0.091	0.778	0.762	
0.845	0.647	0.709	
0.253	0.034	0.253	
0.345	0.907	0.346	
0.534	0.414	0.465	
0.000	0.072	0.961	
0.516	0.516	0.516	
0.000	0.000	0.000	
0.000	0.000	0.000	
0.525	0.525	0.464	
0.577	0.286	0.785	
0.290	0.331	0.695	
0.000	0.000	0.000	
0.437	0.437	0.557	
0.000	0.000	0.000	
0.000	0.000	0.000	
0.000	0.000	0.000	
0.985	0.338	0.535	
0.000	0.000	0.000	
0.994	0.889	0.994	
0.000	0.000	0.000	
0.380	0.487	0.000	
0.000	0.185	0.503	
0.000	0.000	0.000	
0.255	0.140	0.283	
0.871	0.140	0.871	
0.000	0.000	0.000	
0.000	0.000	0.000	
0.000	0.000	0.000	
0.000	0.000	0.000	
0.000	0.000	0.000	
0.070	0.050	0.281	
0.000	0.000	0.000	
0.000	0.220	0.028	
0.000	0.000	0.000	
0.000	0.000	0.000	
0.244	0.067	0.706	
0.000	0.000	0.000	
0.507	0.307	0.989	
0.985	0.745	0.881	
0.960	0.960	0.317	
0.652	0.652	0.000	
0.000	0.000	0.000	
0.000	0.000	0.000	
0.000	0.000	0.000	
0.329	0.267	0.676	
0.571	0.414	0.120	
0.909	0.704	0.909	
0.084	0.199	0.776	
0.739	0.056	0.739	
